0 1 0
1 2 0
2 3 0
3 4 0
4 5 0
5 6 0
6 7 0
7 8 0
8 9 0
9 10 0
10 11 0
11 12 0
12 13 0
13 14 0
14 15 0
15 0 0
0 1 1
1 2 1
2 3 1
3 4 1
4 5 1
5 6 1
6 7 1
7 8 1
8 9 1
9 10 1
10 11 1
11 12 1
12 13 1
13 14 1
14 15 1
15 0 1
0 1 2
1 2 2
2 3 2
3 4 2
4 5 2
5 6 2
6 7 2
7 8 2
8 9 2
9 10 2
10 11 2
11 12 2
12 13 2
13 14 2
14 15 2
15 0 2
0 1 3
1 2 3
2 3 3
3 4 3
4 5 3
5 6 3
6 7 3
7 8 3
8 9 3
9 10 3
10 11 3
11 12 3
12 13 3
13 14 3
14 15 3
15 0 3
0 1 4
1 2 4
2 3 4
3 4 4
4 5 4
5 6 4
6 7 4
7 8 4
8 9 4
9 10 4
10 11 4
11 12 4
12 13 4
13 14 4
14 15 4
15 0 4
0 1 5
1 2 5
2 3 5
3 4 5
4 5 5
5 6 5
6 7 5
7 8 5
8 9 5
9 10 5
10 11 5
11 12 5
12 13 5
13 14 5
14 15 5
15 0 5
0 1 6
1 2 6
2 3 6
3 4 6
4 5 6
5 6 6
6 7 6
7 8 6
8 9 6
9 10 6
10 11 6
11 12 6
12 13 6
13 14 6
14 15 6
15 0 6
0 1 7
1 2 7
2 3 7
3 4 7
4 5 7
5 6 7
6 7 7
7 8 7
8 9 7
9 10 7
10 11 7
11 12 7
12 13 7
13 14 7
14 15 7
15 0 7
0 1 8
1 2 8
2 3 8
3 4 8
4 5 8
5 6 8
6 7 8
7 8 8
8 9 8
9 10 8
10 11 8
11 12 8
12 13 8
13 14 8
14 15 8
15 0 8
0 1 9
1 2 9
2 3 9
3 4 9
4 5 9
5 6 9
6 7 9
7 8 9
8 9 9
9 10 9
10 11 9
11 12 9
12 13 9
13 14 9
14 15 9
15 0 9
0 1 10
1 2 10
2 3 10
3 4 10
4 5 10
5 6 10
6 7 10
7 8 10
8 9 10
9 10 10
10 11 10
11 12 10
12 13 10
13 14 10
14 15 10
15 0 10
0 1 11
1 2 11
2 3 11
3 4 11
4 5 11
5 6 11
6 7 11
7 8 11
8 9 11
9 10 11
10 11 11
11 12 11
12 13 11
13 14 11
14 15 11
15 0 11
0 1 12
1 2 12
2 3 12
3 4 12
4 5 12
5 6 12
6 7 12
7 8 12
8 9 12
9 10 12
10 11 12
11 12 12
12 13 12
13 14 12
14 15 12
15 0 12
0 1 13
1 2 13
2 3 13
3 4 13
4 5 13
5 6 13
6 7 13
7 8 13
8 9 13
9 10 13
10 11 13
11 12 13
12 13 13
13 14 13
14 15 13
15 0 13
0 1 14
1 2 14
2 3 14
3 4 14
4 5 14
5 6 14
6 7 14
7 8 14
8 9 14
9 10 14
10 11 14
11 12 14
12 13 14
13 14 14
14 15 14
15 0 14
0 1 15
1 2 15
2 3 15
3 4 15
4 5 15
5 6 15
6 7 15
7 8 15
8 9 15
9 10 15
10 11 15
11 12 15
12 13 15
13 14 15
14 15 15
15 0 15
0 1 16
1 2 16
2 3 16
3 4 16
4 5 16
5 6 16
6 7 16
7 8 16
8 9 16
9 10 16
10 11 16
11 12 16
12 13 16
13 14 16
14 15 16
15 0 16
0 1 17
1 2 17
2 3 17
3 4 17
4 5 17
5 6 17
6 7 17
7 8 17
8 9 17
9 10 17
10 11 17
11 12 17
12 13 17
13 14 17
14 15 17
15 0 17
0 1 18
1 2 18
2 3 18
3 4 18
4 5 18
5 6 18
6 7 18
7 8 18
8 9 18
9 10 18
10 11 18
11 12 18
12 13 18
13 14 18
14 15 18
15 0 18
0 1 19
1 2 19
2 3 19
3 4 19
4 5 19
5 6 19
6 7 19
7 8 19
8 9 19
9 10 19
10 11 19
11 12 19
12 13 19
13 14 19
14 15 19
15 0 19
0 1 20
1 2 20
2 3 20
3 4 20
4 5 20
5 6 20
6 7 20
7 8 20
8 9 20
9 10 20
10 11 20
11 12 20
12 13 20
13 14 20
14 15 20
15 0 20
0 1 21
1 2 21
2 3 21
3 4 21
4 5 21
5 6 21
6 7 21
7 8 21
8 9 21
9 10 21
10 11 21
11 12 21
12 13 21
13 14 21
14 15 21
15 0 21
0 1 22
1 2 22
2 3 22
3 4 22
4 5 22
5 6 22
6 7 22
7 8 22
8 9 22
9 10 22
10 11 22
11 12 22
12 13 22
13 14 22
14 15 22
15 0 22
0 1 23
1 2 23
2 3 23
3 4 23
4 5 23
5 6 23
6 7 23
7 8 23
8 9 23
9 10 23
10 11 23
11 12 23
12 13 23
13 14 23
14 15 23
15 0 23
0 1 24
1 2 24
2 3 24
3 4 24
4 5 24
5 6 24
6 7 24
7 8 24
8 9 24
9 10 24
10 11 24
11 12 24
12 13 24
13 14 24
14 15 24
15 0 24
0 1 25
1 2 25
2 3 25
3 4 25
4 5 25
5 6 25
6 7 25
7 8 25
8 9 25
9 10 25
10 11 25
11 12 25
12 13 25
13 14 25
14 15 25
15 0 25
0 1 26
1 2 26
2 3 26
3 4 26
4 5 26
5 6 26
6 7 26
7 8 26
8 9 26
9 10 26
10 11 26
11 12 26
12 13 26
13 14 26
14 15 26
15 0 26
0 1 27
1 2 27
2 3 27
3 4 27
4 5 27
5 6 27
6 7 27
7 8 27
8 9 27
9 10 27
10 11 27
11 12 27
12 13 27
13 14 27
14 15 27
15 0 27
0 1 28
1 2 28
2 3 28
3 4 28
4 5 28
5 6 28
6 7 28
7 8 28
8 9 28
9 10 28
10 11 28
11 12 28
12 13 28
13 14 28
14 15 28
15 0 28
0 1 29
1 2 29
2 3 29
3 4 29
4 5 29
5 6 29
6 7 29
7 8 29
8 9 29
9 10 29
10 11 29
11 12 29
12 13 29
13 14 29
14 15 29
15 0 29
0 1 30
1 2 30
2 3 30
3 4 30
4 5 30
5 6 30
6 7 30
7 8 30
8 9 30
9 10 30
10 11 30
11 12 30
12 13 30
13 14 30
14 15 30
15 0 30
0 1 31
1 2 31
2 3 31
3 4 31
4 5 31
5 6 31
6 7 31
7 8 31
8 9 31
9 10 31
10 11 31
11 12 31
12 13 31
13 14 31
14 15 31
15 0 31
16 17 32
17 18 32
18 19 32
19 20 32
20 21 32
21 22 32
22 23 32
23 24 32
24 25 32
25 26 32
26 27 32
27 28 32
28 29 32
29 30 32
30 31 32
31 0 32
16 17 33
17 18 33
18 19 33
19 20 33
20 21 33
21 22 33
22 23 33
23 24 33
24 25 33
25 26 33
26 27 33
27 28 33
28 29 33
29 30 33
30 31 33
31 0 33
16 17 34
17 18 34
18 19 34
19 20 34
20 21 34
21 22 34
22 23 34
23 24 34
24 25 34
25 26 34
26 27 34
27 28 34
28 29 34
29 30 34
30 31 34
31 0 34
16 17 35
17 18 35
18 19 35
19 20 35
20 21 35
21 22 35
22 23 35
23 24 35
24 25 35
25 26 35
26 27 35
27 28 35
28 29 35
29 30 35
30 31 35
31 0 35
16 17 36
17 18 36
18 19 36
19 20 36
20 21 36
21 22 36
22 23 36
23 24 36
24 25 36
25 26 36
26 27 36
27 28 36
28 29 36
29 30 36
30 31 36
31 0 36
16 17 37
17 18 37
18 19 37
19 20 37
20 21 37
21 22 37
22 23 37
23 24 37
24 25 37
25 26 37
26 27 37
27 28 37
28 29 37
29 30 37
30 31 37
31 0 37
16 17 38
17 18 38
18 19 38
19 20 38
20 21 38
21 22 38
22 23 38
23 24 38
24 25 38
25 26 38
26 27 38
27 28 38
28 29 38
29 30 38
30 31 38
31 0 38
16 17 39
17 18 39
18 19 39
19 20 39
20 21 39
21 22 39
22 23 39
23 24 39
24 25 39
25 26 39
26 27 39
27 28 39
28 29 39
29 30 39
30 31 39
31 0 39
16 17 40
17 18 40
18 19 40
19 20 40
20 21 40
21 22 40
22 23 40
23 24 40
24 25 40
25 26 40
26 27 40
27 28 40
28 29 40
29 30 40
30 31 40
31 0 40
16 17 41
17 18 41
18 19 41
19 20 41
20 21 41
21 22 41
22 23 41
23 24 41
24 25 41
25 26 41
26 27 41
27 28 41
28 29 41
29 30 41
30 31 41
31 0 41
16 17 42
17 18 42
18 19 42
19 20 42
20 21 42
21 22 42
22 23 42
23 24 42
24 25 42
25 26 42
26 27 42
27 28 42
28 29 42
29 30 42
30 31 42
31 0 42
16 17 43
17 18 43
18 19 43
19 20 43
20 21 43
21 22 43
22 23 43
23 24 43
24 25 43
25 26 43
26 27 43
27 28 43
28 29 43
29 30 43
30 31 43
31 0 43
16 17 44
17 18 44
18 19 44
19 20 44
20 21 44
21 22 44
22 23 44
23 24 44
24 25 44
25 26 44
26 27 44
27 28 44
28 29 44
29 30 44
30 31 44
31 0 44
16 17 45
17 18 45
18 19 45
19 20 45
20 21 45
21 22 45
22 23 45
23 24 45
24 25 45
25 26 45
26 27 45
27 28 45
28 29 45
29 30 45
30 31 45
31 0 45
16 17 46
17 18 46
18 19 46
19 20 46
20 21 46
21 22 46
22 23 46
23 24 46
24 25 46
25 26 46
26 27 46
27 28 46
28 29 46
29 30 46
30 31 46
31 0 46
16 17 47
17 18 47
18 19 47
19 20 47
20 21 47
21 22 47
22 23 47
23 24 47
24 25 47
25 26 47
26 27 47
27 28 47
28 29 47
29 30 47
30 31 47
31 0 47
16 17 48
17 18 48
18 19 48
19 20 48
20 21 48
21 22 48
22 23 48
23 24 48
24 25 48
25 26 48
26 27 48
27 28 48
28 29 48
29 30 48
30 31 48
31 0 48
16 17 49
17 18 49
18 19 49
19 20 49
20 21 49
21 22 49
22 23 49
23 24 49
24 25 49
25 26 49
26 27 49
27 28 49
28 29 49
29 30 49
30 31 49
31 0 49
16 17 50
17 18 50
18 19 50
19 20 50
20 21 50
21 22 50
22 23 50
23 24 50
24 25 50
25 26 50
26 27 50
27 28 50
28 29 50
29 30 50
30 31 50
31 0 50
16 17 51
17 18 51
18 19 51
19 20 51
20 21 51
21 22 51
22 23 51
23 24 51
24 25 51
25 26 51
26 27 51
27 28 51
28 29 51
29 30 51
30 31 51
31 0 51
16 17 52
17 18 52
18 19 52
19 20 52
20 21 52
21 22 52
22 23 52
23 24 52
24 25 52
25 26 52
26 27 52
27 28 52
28 29 52
29 30 52
30 31 52
31 0 52
16 17 53
17 18 53
18 19 53
19 20 53
20 21 53
21 22 53
22 23 53
23 24 53
24 25 53
25 26 53
26 27 53
27 28 53
28 29 53
29 30 53
30 31 53
31 0 53
16 17 54
17 18 54
18 19 54
19 20 54
20 21 54
21 22 54
22 23 54
23 24 54
24 25 54
25 26 54
26 27 54
27 28 54
28 29 54
29 30 54
30 31 54
31 0 54
16 17 55
17 18 55
18 19 55
19 20 55
20 21 55
21 22 55
22 23 55
23 24 55
24 25 55
25 26 55
26 27 55
27 28 55
28 29 55
29 30 55
30 31 55
31 0 55
16 17 56
17 18 56
18 19 56
19 20 56
20 21 56
21 22 56
22 23 56
23 24 56
24 25 56
25 26 56
26 27 56
27 28 56
28 29 56
29 30 56
30 31 56
31 0 56
16 17 57
17 18 57
18 19 57
19 20 57
20 21 57
21 22 57
22 23 57
23 24 57
24 25 57
25 26 57
26 27 57
27 28 57
28 29 57
29 30 57
30 31 57
31 0 57
16 17 58
17 18 58
18 19 58
19 20 58
20 21 58
21 22 58
22 23 58
23 24 58
24 25 58
25 26 58
26 27 58
27 28 58
28 29 58
29 30 58
30 31 58
31 0 58
16 17 59
17 18 59
18 19 59
19 20 59
20 21 59
21 22 59
22 23 59
23 24 59
24 25 59
25 26 59
26 27 59
27 28 59
28 29 59
29 30 59
30 31 59
31 0 59
16 17 60
17 18 60
18 19 60
19 20 60
20 21 60
21 22 60
22 23 60
23 24 60
24 25 60
25 26 60
26 27 60
27 28 60
28 29 60
29 30 60
30 31 60
31 0 60
16 17 61
17 18 61
18 19 61
19 20 61
20 21 61
21 22 61
22 23 61
23 24 61
24 25 61
25 26 61
26 27 61
27 28 61
28 29 61
29 30 61
30 31 61
31 0 61
16 17 62
17 18 62
18 19 62
19 20 62
20 21 62
21 22 62
22 23 62
23 24 62
24 25 62
25 26 62
26 27 62
27 28 62
28 29 62
29 30 62
30 31 62
31 0 62
16 17 63
17 18 63
18 19 63
19 20 63
20 21 63
21 22 63
22 23 63
23 24 63
24 25 63
25 26 63
26 27 63
27 28 63
28 29 63
29 30 63
30 31 63
31 0 63
32 33 64
33 34 64
34 35 64
35 36 64
36 37 64
37 38 64
38 39 64
39 40 64
40 41 64
41 42 64
42 43 64
43 44 64
44 45 64
45 46 64
46 47 64
47 0 64
32 33 65
33 34 65
34 35 65
35 36 65
36 37 65
37 38 65
38 39 65
39 40 65
40 41 65
41 42 65
42 43 65
43 44 65
44 45 65
45 46 65
46 47 65
47 0 65
32 33 66
33 34 66
34 35 66
35 36 66
36 37 66
37 38 66
38 39 66
39 40 66
40 41 66
41 42 66
42 43 66
43 44 66
44 45 66
45 46 66
46 47 66
47 0 66
32 33 67
33 34 67
34 35 67
35 36 67
36 37 67
37 38 67
38 39 67
39 40 67
40 41 67
41 42 67
42 43 67
43 44 67
44 45 67
45 46 67
46 47 67
47 0 67
32 33 68
33 34 68
34 35 68
35 36 68
36 37 68
37 38 68
38 39 68
39 40 68
40 41 68
41 42 68
42 43 68
43 44 68
44 45 68
45 46 68
46 47 68
47 0 68
32 33 69
33 34 69
34 35 69
35 36 69
36 37 69
37 38 69
38 39 69
39 40 69
40 41 69
41 42 69
42 43 69
43 44 69
44 45 69
45 46 69
46 47 69
47 0 69
32 33 70
33 34 70
34 35 70
35 36 70
36 37 70
37 38 70
38 39 70
39 40 70
40 41 70
41 42 70
42 43 70
43 44 70
44 45 70
45 46 70
46 47 70
47 0 70
32 33 71
33 34 71
34 35 71
35 36 71
36 37 71
37 38 71
38 39 71
39 40 71
40 41 71
41 42 71
42 43 71
43 44 71
44 45 71
45 46 71
46 47 71
47 0 71
32 33 72
33 34 72
34 35 72
35 36 72
36 37 72
37 38 72
38 39 72
39 40 72
40 41 72
41 42 72
42 43 72
43 44 72
44 45 72
45 46 72
46 47 72
47 0 72
32 33 73
33 34 73
34 35 73
35 36 73
36 37 73
37 38 73
38 39 73
39 40 73
40 41 73
41 42 73
42 43 73
43 44 73
44 45 73
45 46 73
46 47 73
47 0 73
32 33 74
33 34 74
34 35 74
35 36 74
36 37 74
37 38 74
38 39 74
39 40 74
40 41 74
41 42 74
42 43 74
43 44 74
44 45 74
45 46 74
46 47 74
47 0 74
32 33 75
33 34 75
34 35 75
35 36 75
36 37 75
37 38 75
38 39 75
39 40 75
40 41 75
41 42 75
42 43 75
43 44 75
44 45 75
45 46 75
46 47 75
47 0 75
32 33 76
33 34 76
34 35 76
35 36 76
36 37 76
37 38 76
38 39 76
39 40 76
40 41 76
41 42 76
42 43 76
43 44 76
44 45 76
45 46 76
46 47 76
47 0 76
32 33 77
33 34 77
34 35 77
35 36 77
36 37 77
37 38 77
38 39 77
39 40 77
40 41 77
41 42 77
42 43 77
43 44 77
44 45 77
45 46 77
46 47 77
47 0 77
32 33 78
33 34 78
34 35 78
35 36 78
36 37 78
37 38 78
38 39 78
39 40 78
40 41 78
41 42 78
42 43 78
43 44 78
44 45 78
45 46 78
46 47 78
47 0 78
32 33 79
33 34 79
34 35 79
35 36 79
36 37 79
37 38 79
38 39 79
39 40 79
40 41 79
41 42 79
42 43 79
43 44 79
44 45 79
45 46 79
46 47 79
47 0 79
32 33 80
33 34 80
34 35 80
35 36 80
36 37 80
37 38 80
38 39 80
39 40 80
40 41 80
41 42 80
42 43 80
43 44 80
44 45 80
45 46 80
46 47 80
47 0 80
32 33 81
33 34 81
34 35 81
35 36 81
36 37 81
37 38 81
38 39 81
39 40 81
40 41 81
41 42 81
42 43 81
43 44 81
44 45 81
45 46 81
46 47 81
47 0 81
32 33 82
33 34 82
34 35 82
35 36 82
36 37 82
37 38 82
38 39 82
39 40 82
40 41 82
41 42 82
42 43 82
43 44 82
44 45 82
45 46 82
46 47 82
47 0 82
32 33 83
33 34 83
34 35 83
35 36 83
36 37 83
37 38 83
38 39 83
39 40 83
40 41 83
41 42 83
42 43 83
43 44 83
44 45 83
45 46 83
46 47 83
47 0 83
32 33 84
33 34 84
34 35 84
35 36 84
36 37 84
37 38 84
38 39 84
39 40 84
40 41 84
41 42 84
42 43 84
43 44 84
44 45 84
45 46 84
46 47 84
47 0 84
32 33 85
33 34 85
34 35 85
35 36 85
36 37 85
37 38 85
38 39 85
39 40 85
40 41 85
41 42 85
42 43 85
43 44 85
44 45 85
45 46 85
46 47 85
47 0 85
32 33 86
33 34 86
34 35 86
35 36 86
36 37 86
37 38 86
38 39 86
39 40 86
40 41 86
41 42 86
42 43 86
43 44 86
44 45 86
45 46 86
46 47 86
47 0 86
32 33 87
33 34 87
34 35 87
35 36 87
36 37 87
37 38 87
38 39 87
39 40 87
40 41 87
41 42 87
42 43 87
43 44 87
44 45 87
45 46 87
46 47 87
47 0 87
32 33 88
33 34 88
34 35 88
35 36 88
36 37 88
37 38 88
38 39 88
39 40 88
40 41 88
41 42 88
42 43 88
43 44 88
44 45 88
45 46 88
46 47 88
47 0 88
32 33 89
33 34 89
34 35 89
35 36 89
36 37 89
37 38 89
38 39 89
39 40 89
40 41 89
41 42 89
42 43 89
43 44 89
44 45 89
45 46 89
46 47 89
47 0 89
32 33 90
33 34 90
34 35 90
35 36 90
36 37 90
37 38 90
38 39 90
39 40 90
40 41 90
41 42 90
42 43 90
43 44 90
44 45 90
45 46 90
46 47 90
47 0 90
32 33 91
33 34 91
34 35 91
35 36 91
36 37 91
37 38 91
38 39 91
39 40 91
40 41 91
41 42 91
42 43 91
43 44 91
44 45 91
45 46 91
46 47 91
47 0 91
32 33 92
33 34 92
34 35 92
35 36 92
36 37 92
37 38 92
38 39 92
39 40 92
40 41 92
41 42 92
42 43 92
43 44 92
44 45 92
45 46 92
46 47 92
47 0 92
32 33 93
33 34 93
34 35 93
35 36 93
36 37 93
37 38 93
38 39 93
39 40 93
40 41 93
41 42 93
42 43 93
43 44 93
44 45 93
45 46 93
46 47 93
47 0 93
32 33 94
33 34 94
34 35 94
35 36 94
36 37 94
37 38 94
38 39 94
39 40 94
40 41 94
41 42 94
42 43 94
43 44 94
44 45 94
45 46 94
46 47 94
47 0 94
32 33 95
33 34 95
34 35 95
35 36 95
36 37 95
37 38 95
38 39 95
39 40 95
40 41 95
41 42 95
42 43 95
43 44 95
44 45 95
45 46 95
46 47 95
47 0 95
