0 1 0
1 2 0
2 3 0
3 4 0
4 5 0
5 6 0
6 7 0
7 8 0
8 9 0
9 10 0
10 11 0
11 12 0
12 13 0
13 14 0
14 15 0
15 0 0
0 1 1
1 2 1
2 3 1
3 4 1
4 5 1
5 6 1
6 7 1
7 8 1
8 9 1
9 10 1
10 11 1
11 12 1
12 13 1
13 14 1
14 15 1
15 0 1
0 1 2
1 2 2
2 3 2
3 4 2
4 5 2
5 6 2
6 7 2
7 8 2
8 9 2
9 10 2
10 11 2
11 12 2
12 13 2
13 14 2
14 15 2
15 0 2
0 1 3
1 2 3
2 3 3
3 4 3
4 5 3
5 6 3
6 7 3
7 8 3
8 9 3
9 10 3
10 11 3
11 12 3
12 13 3
13 14 3
14 15 3
15 0 3
0 1 4
1 2 4
2 3 4
3 4 4
4 5 4
5 6 4
6 7 4
7 8 4
8 9 4
9 10 4
10 11 4
11 12 4
12 13 4
13 14 4
14 15 4
15 0 4
0 1 5
1 2 5
2 3 5
3 4 5
4 5 5
5 6 5
6 7 5
7 8 5
8 9 5
9 10 5
10 11 5
11 12 5
12 13 5
13 14 5
14 15 5
15 0 5
0 1 6
1 2 6
2 3 6
3 4 6
4 5 6
5 6 6
6 7 6
7 8 6
8 9 6
9 10 6
10 11 6
11 12 6
12 13 6
13 14 6
14 15 6
15 0 6
0 1 7
1 2 7
2 3 7
3 4 7
4 5 7
5 6 7
6 7 7
7 8 7
8 9 7
9 10 7
10 11 7
11 12 7
12 13 7
13 14 7
14 15 7
15 0 7
0 1 8
1 2 8
2 3 8
3 4 8
4 5 8
5 6 8
6 7 8
7 8 8
8 9 8
9 10 8
10 11 8
11 12 8
12 13 8
13 14 8
14 15 8
15 0 8
0 1 9
1 2 9
2 3 9
3 4 9
4 5 9
5 6 9
6 7 9
7 8 9
8 9 9
9 10 9
10 11 9
11 12 9
12 13 9
13 14 9
14 15 9
15 0 9
0 1 10
1 2 10
2 3 10
3 4 10
4 5 10
5 6 10
6 7 10
7 8 10
8 9 10
9 10 10
10 11 10
11 12 10
12 13 10
13 14 10
14 15 10
15 0 10
0 1 11
1 2 11
2 3 11
3 4 11
4 5 11
5 6 11
6 7 11
7 8 11
8 9 11
9 10 11
10 11 11
11 12 11
12 13 11
13 14 11
14 15 11
15 0 11
0 1 12
1 2 12
2 3 12
3 4 12
4 5 12
5 6 12
6 7 12
7 8 12
8 9 12
9 10 12
10 11 12
11 12 12
12 13 12
13 14 12
14 15 12
15 0 12
0 1 13
1 2 13
2 3 13
3 4 13
4 5 13
5 6 13
6 7 13
7 8 13
8 9 13
9 10 13
10 11 13
11 12 13
12 13 13
13 14 13
14 15 13
15 0 13
0 1 14
1 2 14
2 3 14
3 4 14
4 5 14
5 6 14
6 7 14
7 8 14
8 9 14
9 10 14
10 11 14
11 12 14
12 13 14
13 14 14
14 15 14
15 0 14
0 1 15
1 2 15
2 3 15
3 4 15
4 5 15
5 6 15
6 7 15
7 8 15
8 9 15
9 10 15
10 11 15
11 12 15
12 13 15
13 14 15
14 15 15
15 0 15
16 17 16
17 18 16
18 19 16
19 20 16
20 21 16
21 22 16
22 23 16
23 24 16
24 25 16
25 26 16
26 27 16
27 28 16
28 29 16
29 30 16
30 31 16
31 0 16
16 17 17
17 18 17
18 19 17
19 20 17
20 21 17
21 22 17
22 23 17
23 24 17
24 25 17
25 26 17
26 27 17
27 28 17
28 29 17
29 30 17
30 31 17
31 0 17
16 17 18
17 18 18
18 19 18
19 20 18
20 21 18
21 22 18
22 23 18
23 24 18
24 25 18
25 26 18
26 27 18
27 28 18
28 29 18
29 30 18
30 31 18
31 0 18
16 17 19
17 18 19
18 19 19
19 20 19
20 21 19
21 22 19
22 23 19
23 24 19
24 25 19
25 26 19
26 27 19
27 28 19
28 29 19
29 30 19
30 31 19
31 0 19
16 17 20
17 18 20
18 19 20
19 20 20
20 21 20
21 22 20
22 23 20
23 24 20
24 25 20
25 26 20
26 27 20
27 28 20
28 29 20
29 30 20
30 31 20
31 0 20
16 17 21
17 18 21
18 19 21
19 20 21
20 21 21
21 22 21
22 23 21
23 24 21
24 25 21
25 26 21
26 27 21
27 28 21
28 29 21
29 30 21
30 31 21
31 0 21
16 17 22
17 18 22
18 19 22
19 20 22
20 21 22
21 22 22
22 23 22
23 24 22
24 25 22
25 26 22
26 27 22
27 28 22
28 29 22
29 30 22
30 31 22
31 0 22
16 17 23
17 18 23
18 19 23
19 20 23
20 21 23
21 22 23
22 23 23
23 24 23
24 25 23
25 26 23
26 27 23
27 28 23
28 29 23
29 30 23
30 31 23
31 0 23
16 17 24
17 18 24
18 19 24
19 20 24
20 21 24
21 22 24
22 23 24
23 24 24
24 25 24
25 26 24
26 27 24
27 28 24
28 29 24
29 30 24
30 31 24
31 0 24
16 17 25
17 18 25
18 19 25
19 20 25
20 21 25
21 22 25
22 23 25
23 24 25
24 25 25
25 26 25
26 27 25
27 28 25
28 29 25
29 30 25
30 31 25
31 0 25
16 17 26
17 18 26
18 19 26
19 20 26
20 21 26
21 22 26
22 23 26
23 24 26
24 25 26
25 26 26
26 27 26
27 28 26
28 29 26
29 30 26
30 31 26
31 0 26
16 17 27
17 18 27
18 19 27
19 20 27
20 21 27
21 22 27
22 23 27
23 24 27
24 25 27
25 26 27
26 27 27
27 28 27
28 29 27
29 30 27
30 31 27
31 0 27
16 17 28
17 18 28
18 19 28
19 20 28
20 21 28
21 22 28
22 23 28
23 24 28
24 25 28
25 26 28
26 27 28
27 28 28
28 29 28
29 30 28
30 31 28
31 0 28
16 17 29
17 18 29
18 19 29
19 20 29
20 21 29
21 22 29
22 23 29
23 24 29
24 25 29
25 26 29
26 27 29
27 28 29
28 29 29
29 30 29
30 31 29
31 0 29
16 17 30
17 18 30
18 19 30
19 20 30
20 21 30
21 22 30
22 23 30
23 24 30
24 25 30
25 26 30
26 27 30
27 28 30
28 29 30
29 30 30
30 31 30
31 0 30
16 17 31
17 18 31
18 19 31
19 20 31
20 21 31
21 22 31
22 23 31
23 24 31
24 25 31
25 26 31
26 27 31
27 28 31
28 29 31
29 30 31
30 31 31
31 0 31
32 33 32
33 34 32
34 35 32
35 36 32
36 37 32
37 38 32
38 39 32
39 40 32
40 41 32
41 42 32
42 43 32
43 44 32
44 45 32
45 46 32
46 47 32
47 0 32
32 33 33
33 34 33
34 35 33
35 36 33
36 37 33
37 38 33
38 39 33
39 40 33
40 41 33
41 42 33
42 43 33
43 44 33
44 45 33
45 46 33
46 47 33
47 0 33
32 33 34
33 34 34
34 35 34
35 36 34
36 37 34
37 38 34
38 39 34
39 40 34
40 41 34
41 42 34
42 43 34
43 44 34
44 45 34
45 46 34
46 47 34
47 0 34
32 33 35
33 34 35
34 35 35
35 36 35
36 37 35
37 38 35
38 39 35
39 40 35
40 41 35
41 42 35
42 43 35
43 44 35
44 45 35
45 46 35
46 47 35
47 0 35
32 33 36
33 34 36
34 35 36
35 36 36
36 37 36
37 38 36
38 39 36
39 40 36
40 41 36
41 42 36
42 43 36
43 44 36
44 45 36
45 46 36
46 47 36
47 0 36
32 33 37
33 34 37
34 35 37
35 36 37
36 37 37
37 38 37
38 39 37
39 40 37
40 41 37
41 42 37
42 43 37
43 44 37
44 45 37
45 46 37
46 47 37
47 0 37
32 33 38
33 34 38
34 35 38
35 36 38
36 37 38
37 38 38
38 39 38
39 40 38
40 41 38
41 42 38
42 43 38
43 44 38
44 45 38
45 46 38
46 47 38
47 0 38
32 33 39
33 34 39
34 35 39
35 36 39
36 37 39
37 38 39
38 39 39
39 40 39
40 41 39
41 42 39
42 43 39
43 44 39
44 45 39
45 46 39
46 47 39
47 0 39
32 33 40
33 34 40
34 35 40
35 36 40
36 37 40
37 38 40
38 39 40
39 40 40
40 41 40
41 42 40
42 43 40
43 44 40
44 45 40
45 46 40
46 47 40
47 0 40
32 33 41
33 34 41
34 35 41
35 36 41
36 37 41
37 38 41
38 39 41
39 40 41
40 41 41
41 42 41
42 43 41
43 44 41
44 45 41
45 46 41
46 47 41
47 0 41
32 33 42
33 34 42
34 35 42
35 36 42
36 37 42
37 38 42
38 39 42
39 40 42
40 41 42
41 42 42
42 43 42
43 44 42
44 45 42
45 46 42
46 47 42
47 0 42
32 33 43
33 34 43
34 35 43
35 36 43
36 37 43
37 38 43
38 39 43
39 40 43
40 41 43
41 42 43
42 43 43
43 44 43
44 45 43
45 46 43
46 47 43
47 0 43
32 33 44
33 34 44
34 35 44
35 36 44
36 37 44
37 38 44
38 39 44
39 40 44
40 41 44
41 42 44
42 43 44
43 44 44
44 45 44
45 46 44
46 47 44
47 0 44
32 33 45
33 34 45
34 35 45
35 36 45
36 37 45
37 38 45
38 39 45
39 40 45
40 41 45
41 42 45
42 43 45
43 44 45
44 45 45
45 46 45
46 47 45
47 0 45
32 33 46
33 34 46
34 35 46
35 36 46
36 37 46
37 38 46
38 39 46
39 40 46
40 41 46
41 42 46
42 43 46
43 44 46
44 45 46
45 46 46
46 47 46
47 0 46
32 33 47
33 34 47
34 35 47
35 36 47
36 37 47
37 38 47
38 39 47
39 40 47
40 41 47
41 42 47
42 43 47
43 44 47
44 45 47
45 46 47
46 47 47
47 0 47
