64 0 0
64 1 1
64 2 2
64 3 3
64 4 4
64 5 5
64 6 6
64 7 7
64 8 8
64 9 9
64 10 10
64 11 11
64 12 12
64 13 13
64 14 14
64 15 15
64 16 16
64 17 17
64 18 18
64 19 19
64 20 20
64 21 21
64 22 22
64 23 23
64 24 24
64 25 25
64 26 26
64 27 27
64 28 28
64 29 29
64 30 30
64 31 31
64 32 32
64 33 33
64 34 34
64 35 35
64 36 36
64 37 37
64 38 38
64 39 39
64 40 40
64 41 41
64 42 42
64 43 43
64 44 44
64 45 45
64 46 46
64 47 47
64 48 48
64 49 49
64 50 50
64 51 51
64 52 52
64 53 53
64 54 54
64 55 55
64 56 56
64 57 57
64 58 58
64 59 59
64 60 60
64 61 61
64 62 62
64 63 63
64 0 64
64 1 65
64 2 66
64 3 67
64 4 68
64 5 69
64 6 70
64 7 71
64 8 72
64 9 73
64 10 74
64 11 75
64 12 76
64 13 77
64 14 78
64 15 79
64 16 80
64 17 81
64 18 82
64 19 83
64 20 84
64 21 85
64 22 86
64 23 87
64 24 88
64 25 89
64 26 90
64 27 91
64 28 92
64 29 93
64 30 94
64 31 95
64 32 96
64 33 97
64 34 98
64 35 99
64 36 100
64 37 101
64 38 102
64 39 103
64 40 104
64 41 105
64 42 106
64 43 107
64 44 108
64 45 109
64 46 110
64 47 111
64 48 112
64 49 113
64 50 114
64 51 115
64 52 116
64 53 117
64 54 118
64 55 119
64 56 120
64 57 121
64 58 122
64 59 123
64 60 124
64 61 125
64 62 126
64 63 127
64 0 128
64 1 129
64 2 130
64 3 131
64 4 132
64 5 133
64 6 134
64 7 135
64 8 136
64 9 137
64 10 138
64 11 139
64 12 140
64 13 141
64 14 142
64 15 143
64 16 144
64 17 145
64 18 146
64 19 147
64 20 148
64 21 149
64 22 150
64 23 151
64 24 152
64 25 153
64 26 154
64 27 155
64 28 156
64 29 157
64 30 158
64 31 159
64 32 160
64 33 161
64 34 162
64 35 163
64 36 164
64 37 165
64 38 166
64 39 167
64 40 168
64 41 169
64 42 170
64 43 171
64 44 172
64 45 173
64 46 174
64 47 175
64 48 176
64 49 177
64 50 178
64 51 179
64 52 180
64 53 181
64 54 182
64 55 183
64 56 184
64 57 185
64 58 186
64 59 187
64 60 188
64 61 189
64 62 190
64 63 191
64 0 192
64 1 193
64 2 194
64 3 195
64 4 196
64 5 197
64 6 198
64 7 199
64 8 200
64 9 201
64 10 202
64 11 203
64 12 204
64 13 205
64 14 206
64 15 207
64 16 208
64 17 209
64 18 210
64 19 211
64 20 212
64 21 213
64 22 214
64 23 215
64 24 216
64 25 217
64 26 218
64 27 219
64 28 220
64 29 221
64 30 222
64 31 223
64 32 224
64 33 225
64 34 226
64 35 227
64 36 228
64 37 229
64 38 230
64 39 231
64 40 232
64 41 233
64 42 234
64 43 235
64 44 236
64 45 237
64 46 238
64 47 239
64 48 240
64 49 241
64 50 242
64 51 243
64 52 244
64 53 245
64 54 246
64 55 247
64 56 248
64 57 249
64 58 250
64 59 251
64 60 252
64 61 253
64 62 254
64 63 255
64 0 256
64 1 257
64 2 258
64 3 259
64 4 260
64 5 261
64 6 262
64 7 263
64 8 264
64 9 265
64 10 266
64 11 267
64 12 268
64 13 269
64 14 270
64 15 271
64 16 272
64 17 273
64 18 274
64 19 275
64 20 276
64 21 277
64 22 278
64 23 279
64 24 280
64 25 281
64 26 282
64 27 283
64 28 284
64 29 285
64 30 286
64 31 287
64 32 288
64 33 289
64 34 290
64 35 291
64 36 292
64 37 293
64 38 294
64 39 295
64 40 296
64 41 297
64 42 298
64 43 299
64 44 300
64 45 301
64 46 302
64 47 303
64 48 304
64 49 305
64 50 306
64 51 307
64 52 308
64 53 309
64 54 310
64 55 311
64 56 312
64 57 313
64 58 314
64 59 315
64 60 316
64 61 317
64 62 318
64 63 319
64 0 320
64 1 321
64 2 322
64 3 323
64 4 324
64 5 325
64 6 326
64 7 327
64 8 328
64 9 329
64 10 330
64 11 331
64 12 332
64 13 333
64 14 334
64 15 335
64 16 336
64 17 337
64 18 338
64 19 339
64 20 340
64 21 341
64 22 342
64 23 343
64 24 344
64 25 345
64 26 346
64 27 347
64 28 348
64 29 349
64 30 350
64 31 351
64 32 352
64 33 353
64 34 354
64 35 355
64 36 356
64 37 357
64 38 358
64 39 359
64 40 360
64 41 361
64 42 362
64 43 363
64 44 364
64 45 365
64 46 366
64 47 367
64 48 368
64 49 369
64 50 370
64 51 371
64 52 372
64 53 373
64 54 374
64 55 375
64 56 376
64 57 377
64 58 378
64 59 379
64 60 380
64 61 381
64 62 382
64 63 383
64 0 384
64 1 385
64 2 386
64 3 387
64 4 388
64 5 389
64 6 390
64 7 391
64 8 392
64 9 393
64 10 394
64 11 395
64 12 396
64 13 397
64 14 398
64 15 399
64 16 400
64 17 401
64 18 402
64 19 403
64 20 404
64 21 405
64 22 406
64 23 407
64 24 408
64 25 409
64 26 410
64 27 411
64 28 412
64 29 413
64 30 414
64 31 415
64 32 416
64 33 417
64 34 418
64 35 419
64 36 420
64 37 421
64 38 422
64 39 423
64 40 424
64 41 425
64 42 426
64 43 427
64 44 428
64 45 429
64 46 430
64 47 431
64 48 432
64 49 433
64 50 434
64 51 435
64 52 436
64 53 437
64 54 438
64 55 439
64 56 440
64 57 441
64 58 442
64 59 443
64 60 444
64 61 445
64 62 446
64 63 447
64 0 448
64 1 449
64 2 450
64 3 451
64 4 452
64 5 453
64 6 454
64 7 455
64 8 456
64 9 457
64 10 458
64 11 459
64 12 460
64 13 461
64 14 462
64 15 463
64 16 464
64 17 465
64 18 466
64 19 467
64 20 468
64 21 469
64 22 470
64 23 471
64 24 472
64 25 473
64 26 474
64 27 475
64 28 476
64 29 477
64 30 478
64 31 479
64 32 480
64 33 481
64 34 482
64 35 483
64 36 484
64 37 485
64 38 486
64 39 487
64 40 488
64 41 489
64 42 490
64 43 491
64 44 492
64 45 493
64 46 494
64 47 495
64 48 496
64 49 497
64 50 498
64 51 499
64 52 500
64 53 501
64 54 502
64 55 503
64 56 504
64 57 505
64 58 506
64 59 507
64 60 508
64 61 509
64 62 510
64 63 511
64 0 512
64 1 513
64 2 514
64 3 515
64 4 516
64 5 517
64 6 518
64 7 519
64 8 520
64 9 521
64 10 522
64 11 523
64 12 524
64 13 525
64 14 526
64 15 527
64 16 528
64 17 529
64 18 530
64 19 531
64 20 532
64 21 533
64 22 534
64 23 535
64 24 536
64 25 537
64 26 538
64 27 539
64 28 540
64 29 541
64 30 542
64 31 543
64 32 544
64 33 545
64 34 546
64 35 547
64 36 548
64 37 549
64 38 550
64 39 551
64 40 552
64 41 553
64 42 554
64 43 555
64 44 556
64 45 557
64 46 558
64 47 559
64 48 560
64 49 561
64 50 562
64 51 563
64 52 564
64 53 565
64 54 566
64 55 567
64 56 568
64 57 569
64 58 570
64 59 571
64 60 572
64 61 573
64 62 574
64 63 575
64 0 576
64 1 577
64 2 578
64 3 579
64 4 580
64 5 581
64 6 582
64 7 583
64 8 584
64 9 585
64 10 586
64 11 587
64 12 588
64 13 589
64 14 590
64 15 591
64 16 592
64 17 593
64 18 594
64 19 595
64 20 596
64 21 597
64 22 598
64 23 599
64 24 600
64 25 601
64 26 602
64 27 603
64 28 604
64 29 605
64 30 606
64 31 607
64 32 608
64 33 609
64 34 610
64 35 611
64 36 612
64 37 613
64 38 614
64 39 615
64 40 616
64 41 617
64 42 618
64 43 619
64 44 620
64 45 621
64 46 622
64 47 623
64 48 624
64 49 625
64 50 626
64 51 627
64 52 628
64 53 629
64 54 630
64 55 631
64 56 632
64 57 633
64 58 634
64 59 635
64 60 636
64 61 637
64 62 638
64 63 639
64 0 640
64 1 641
64 2 642
64 3 643
64 4 644
64 5 645
64 6 646
64 7 647
64 8 648
64 9 649
64 10 650
64 11 651
64 12 652
64 13 653
64 14 654
64 15 655
64 16 656
64 17 657
64 18 658
64 19 659
64 20 660
64 21 661
64 22 662
64 23 663
64 24 664
64 25 665
64 26 666
64 27 667
64 28 668
64 29 669
64 30 670
64 31 671
64 32 672
64 33 673
64 34 674
64 35 675
64 36 676
64 37 677
64 38 678
64 39 679
64 40 680
64 41 681
64 42 682
64 43 683
64 44 684
64 45 685
64 46 686
64 47 687
64 48 688
64 49 689
64 50 690
64 51 691
64 52 692
64 53 693
64 54 694
64 55 695
64 56 696
64 57 697
64 58 698
64 59 699
64 60 700
64 61 701
64 62 702
64 63 703
64 0 704
64 1 705
64 2 706
64 3 707
64 4 708
64 5 709
64 6 710
64 7 711
64 8 712
64 9 713
64 10 714
64 11 715
64 12 716
64 13 717
64 14 718
64 15 719
64 16 720
64 17 721
64 18 722
64 19 723
64 20 724
64 21 725
64 22 726
64 23 727
64 24 728
64 25 729
64 26 730
64 27 731
64 28 732
64 29 733
64 30 734
64 31 735
64 32 736
64 33 737
64 34 738
64 35 739
64 36 740
64 37 741
64 38 742
64 39 743
64 40 744
64 41 745
64 42 746
64 43 747
64 44 748
64 45 749
64 46 750
64 47 751
64 48 752
64 49 753
64 50 754
64 51 755
64 52 756
64 53 757
64 54 758
64 55 759
64 56 760
64 57 761
64 58 762
64 59 763
64 60 764
64 61 765
64 62 766
64 63 767
64 0 768
64 1 769
64 2 770
64 3 771
64 4 772
64 5 773
64 6 774
64 7 775
64 8 776
64 9 777
64 10 778
64 11 779
64 12 780
64 13 781
64 14 782
64 15 783
64 16 784
64 17 785
64 18 786
64 19 787
64 20 788
64 21 789
64 22 790
64 23 791
64 24 792
64 25 793
64 26 794
64 27 795
64 28 796
64 29 797
64 30 798
64 31 799
64 32 800
64 33 801
64 34 802
64 35 803
64 36 804
64 37 805
64 38 806
64 39 807
64 40 808
64 41 809
64 42 810
64 43 811
64 44 812
64 45 813
64 46 814
64 47 815
64 48 816
64 49 817
64 50 818
64 51 819
64 52 820
64 53 821
64 54 822
64 55 823
64 56 824
64 57 825
64 58 826
64 59 827
64 60 828
64 61 829
64 62 830
64 63 831
64 0 832
64 1 833
64 2 834
64 3 835
64 4 836
64 5 837
64 6 838
64 7 839
64 8 840
64 9 841
64 10 842
64 11 843
64 12 844
64 13 845
64 14 846
64 15 847
64 16 848
64 17 849
64 18 850
64 19 851
64 20 852
64 21 853
64 22 854
64 23 855
64 24 856
64 25 857
64 26 858
64 27 859
64 28 860
64 29 861
64 30 862
64 31 863
64 32 864
64 33 865
64 34 866
64 35 867
64 36 868
64 37 869
64 38 870
64 39 871
64 40 872
64 41 873
64 42 874
64 43 875
64 44 876
64 45 877
64 46 878
64 47 879
64 48 880
64 49 881
64 50 882
64 51 883
64 52 884
64 53 885
64 54 886
64 55 887
64 56 888
64 57 889
64 58 890
64 59 891
64 60 892
64 61 893
64 62 894
64 63 895
64 0 896
64 1 897
64 2 898
64 3 899
64 4 900
64 5 901
64 6 902
64 7 903
64 8 904
64 9 905
64 10 906
64 11 907
64 12 908
64 13 909
64 14 910
64 15 911
64 16 912
64 17 913
64 18 914
64 19 915
64 20 916
64 21 917
64 22 918
64 23 919
64 24 920
64 25 921
64 26 922
64 27 923
64 28 924
64 29 925
64 30 926
64 31 927
64 32 928
64 33 929
64 34 930
64 35 931
64 36 932
64 37 933
64 38 934
64 39 935
64 40 936
64 41 937
64 42 938
64 43 939
64 44 940
64 45 941
64 46 942
64 47 943
64 48 944
64 49 945
64 50 946
64 51 947
64 52 948
64 53 949
64 54 950
64 55 951
64 56 952
64 57 953
64 58 954
64 59 955
64 60 956
64 61 957
64 62 958
64 63 959
64 0 960
64 1 961
64 2 962
64 3 963
64 4 964
64 5 965
64 6 966
64 7 967
64 8 968
64 9 969
64 10 970
64 11 971
64 12 972
64 13 973
64 14 974
64 15 975
64 16 976
64 17 977
64 18 978
64 19 979
64 20 980
64 21 981
64 22 982
64 23 983
64 24 984
64 25 985
64 26 986
64 27 987
64 28 988
64 29 989
64 30 990
64 31 991
64 32 992
64 33 993
64 34 994
64 35 995
64 36 996
64 37 997
64 38 998
64 39 999
64 40 1000
64 41 1001
64 42 1002
64 43 1003
64 44 1004
64 45 1005
64 46 1006
64 47 1007
64 48 1008
64 49 1009
64 50 1010
64 51 1011
64 52 1012
64 53 1013
64 54 1014
64 55 1015
64 56 1016
64 57 1017
64 58 1018
64 59 1019
64 60 1020
64 61 1021
64 62 1022
64 63 1023
64 0 1024
64 1 1025
64 2 1026
64 3 1027
64 4 1028
64 5 1029
64 6 1030
64 7 1031
64 8 1032
64 9 1033
64 10 1034
64 11 1035
64 12 1036
64 13 1037
64 14 1038
64 15 1039
64 16 1040
64 17 1041
64 18 1042
64 19 1043
64 20 1044
64 21 1045
64 22 1046
64 23 1047
64 24 1048
64 25 1049
64 26 1050
64 27 1051
64 28 1052
64 29 1053
64 30 1054
64 31 1055
64 32 1056
64 33 1057
64 34 1058
64 35 1059
64 36 1060
64 37 1061
64 38 1062
64 39 1063
64 40 1064
64 41 1065
64 42 1066
64 43 1067
64 44 1068
64 45 1069
64 46 1070
64 47 1071
64 48 1072
64 49 1073
64 50 1074
64 51 1075
64 52 1076
64 53 1077
64 54 1078
64 55 1079
64 56 1080
64 57 1081
64 58 1082
64 59 1083
64 60 1084
64 61 1085
64 62 1086
64 63 1087
64 0 1088
64 1 1089
64 2 1090
64 3 1091
64 4 1092
64 5 1093
64 6 1094
64 7 1095
64 8 1096
64 9 1097
64 10 1098
64 11 1099
64 12 1100
64 13 1101
64 14 1102
64 15 1103
64 16 1104
64 17 1105
64 18 1106
64 19 1107
64 20 1108
64 21 1109
64 22 1110
64 23 1111
64 24 1112
64 25 1113
64 26 1114
64 27 1115
64 28 1116
64 29 1117
64 30 1118
64 31 1119
64 32 1120
64 33 1121
64 34 1122
64 35 1123
64 36 1124
64 37 1125
64 38 1126
64 39 1127
64 40 1128
64 41 1129
64 42 1130
64 43 1131
64 44 1132
64 45 1133
64 46 1134
64 47 1135
64 48 1136
64 49 1137
64 50 1138
64 51 1139
64 52 1140
64 53 1141
64 54 1142
64 55 1143
64 56 1144
64 57 1145
64 58 1146
64 59 1147
64 60 1148
64 61 1149
64 62 1150
64 63 1151
64 0 1152
64 1 1153
64 2 1154
64 3 1155
64 4 1156
64 5 1157
64 6 1158
64 7 1159
64 8 1160
64 9 1161
64 10 1162
64 11 1163
64 12 1164
64 13 1165
64 14 1166
64 15 1167
64 16 1168
64 17 1169
64 18 1170
64 19 1171
64 20 1172
64 21 1173
64 22 1174
64 23 1175
64 24 1176
64 25 1177
64 26 1178
64 27 1179
64 28 1180
64 29 1181
64 30 1182
64 31 1183
64 32 1184
64 33 1185
64 34 1186
64 35 1187
64 36 1188
64 37 1189
64 38 1190
64 39 1191
64 40 1192
64 41 1193
64 42 1194
64 43 1195
64 44 1196
64 45 1197
64 46 1198
64 47 1199
64 48 1200
64 49 1201
64 50 1202
64 51 1203
64 52 1204
64 53 1205
64 54 1206
64 55 1207
64 56 1208
64 57 1209
64 58 1210
64 59 1211
64 60 1212
64 61 1213
64 62 1214
64 63 1215
64 0 1216
64 1 1217
64 2 1218
64 3 1219
64 4 1220
64 5 1221
64 6 1222
64 7 1223
64 8 1224
64 9 1225
64 10 1226
64 11 1227
64 12 1228
64 13 1229
64 14 1230
64 15 1231
64 16 1232
64 17 1233
64 18 1234
64 19 1235
64 20 1236
64 21 1237
64 22 1238
64 23 1239
64 24 1240
64 25 1241
64 26 1242
64 27 1243
64 28 1244
64 29 1245
64 30 1246
64 31 1247
64 32 1248
64 33 1249
64 34 1250
64 35 1251
64 36 1252
64 37 1253
64 38 1254
64 39 1255
64 40 1256
64 41 1257
64 42 1258
64 43 1259
64 44 1260
64 45 1261
64 46 1262
64 47 1263
64 48 1264
64 49 1265
64 50 1266
64 51 1267
64 52 1268
64 53 1269
64 54 1270
64 55 1271
64 56 1272
64 57 1273
64 58 1274
64 59 1275
64 60 1276
64 61 1277
64 62 1278
64 63 1279
64 0 1280
64 1 1281
64 2 1282
64 3 1283
64 4 1284
64 5 1285
64 6 1286
64 7 1287
64 8 1288
64 9 1289
64 10 1290
64 11 1291
64 12 1292
64 13 1293
64 14 1294
64 15 1295
64 16 1296
64 17 1297
64 18 1298
64 19 1299
64 20 1300
64 21 1301
64 22 1302
64 23 1303
64 24 1304
64 25 1305
64 26 1306
64 27 1307
64 28 1308
64 29 1309
64 30 1310
64 31 1311
64 32 1312
64 33 1313
64 34 1314
64 35 1315
64 36 1316
64 37 1317
64 38 1318
64 39 1319
64 40 1320
64 41 1321
64 42 1322
64 43 1323
64 44 1324
64 45 1325
64 46 1326
64 47 1327
64 48 1328
64 49 1329
64 50 1330
64 51 1331
64 52 1332
64 53 1333
64 54 1334
64 55 1335
64 56 1336
64 57 1337
64 58 1338
64 59 1339
64 60 1340
64 61 1341
64 62 1342
64 63 1343
64 0 1344
64 1 1345
64 2 1346
64 3 1347
64 4 1348
64 5 1349
64 6 1350
64 7 1351
64 8 1352
64 9 1353
64 10 1354
64 11 1355
64 12 1356
64 13 1357
64 14 1358
64 15 1359
64 16 1360
64 17 1361
64 18 1362
64 19 1363
64 20 1364
64 21 1365
64 22 1366
64 23 1367
64 24 1368
64 25 1369
64 26 1370
64 27 1371
64 28 1372
64 29 1373
64 30 1374
64 31 1375
64 32 1376
64 33 1377
64 34 1378
64 35 1379
64 36 1380
64 37 1381
64 38 1382
64 39 1383
64 40 1384
64 41 1385
64 42 1386
64 43 1387
64 44 1388
64 45 1389
64 46 1390
64 47 1391
64 48 1392
64 49 1393
64 50 1394
64 51 1395
64 52 1396
64 53 1397
64 54 1398
64 55 1399
64 56 1400
64 57 1401
64 58 1402
64 59 1403
64 60 1404
64 61 1405
64 62 1406
64 63 1407
64 0 1408
64 1 1409
64 2 1410
64 3 1411
64 4 1412
64 5 1413
64 6 1414
64 7 1415
64 8 1416
64 9 1417
64 10 1418
64 11 1419
64 12 1420
64 13 1421
64 14 1422
64 15 1423
64 16 1424
64 17 1425
64 18 1426
64 19 1427
64 20 1428
64 21 1429
64 22 1430
64 23 1431
64 24 1432
64 25 1433
64 26 1434
64 27 1435
64 28 1436
64 29 1437
64 30 1438
64 31 1439
64 32 1440
64 33 1441
64 34 1442
64 35 1443
64 36 1444
64 37 1445
64 38 1446
64 39 1447
64 40 1448
64 41 1449
64 42 1450
64 43 1451
64 44 1452
64 45 1453
64 46 1454
64 47 1455
64 48 1456
64 49 1457
64 50 1458
64 51 1459
64 52 1460
64 53 1461
64 54 1462
64 55 1463
64 56 1464
64 57 1465
64 58 1466
64 59 1467
64 60 1468
64 61 1469
64 62 1470
64 63 1471
64 0 1472
64 1 1473
64 2 1474
64 3 1475
64 4 1476
64 5 1477
64 6 1478
64 7 1479
64 8 1480
64 9 1481
64 10 1482
64 11 1483
64 12 1484
64 13 1485
64 14 1486
64 15 1487
64 16 1488
64 17 1489
64 18 1490
64 19 1491
64 20 1492
64 21 1493
64 22 1494
64 23 1495
64 24 1496
64 25 1497
64 26 1498
64 27 1499
64 28 1500
64 29 1501
64 30 1502
64 31 1503
64 32 1504
64 33 1505
64 34 1506
64 35 1507
64 36 1508
64 37 1509
64 38 1510
64 39 1511
64 40 1512
64 41 1513
64 42 1514
64 43 1515
64 44 1516
64 45 1517
64 46 1518
64 47 1519
64 48 1520
64 49 1521
64 50 1522
64 51 1523
64 52 1524
64 53 1525
64 54 1526
64 55 1527
64 56 1528
64 57 1529
64 58 1530
64 59 1531
64 60 1532
64 61 1533
64 62 1534
64 63 1535
64 0 1536
64 1 1537
64 2 1538
64 3 1539
64 4 1540
64 5 1541
64 6 1542
64 7 1543
64 8 1544
64 9 1545
64 10 1546
64 11 1547
64 12 1548
64 13 1549
64 14 1550
64 15 1551
64 16 1552
64 17 1553
64 18 1554
64 19 1555
64 20 1556
64 21 1557
64 22 1558
64 23 1559
64 24 1560
64 25 1561
64 26 1562
64 27 1563
64 28 1564
64 29 1565
64 30 1566
64 31 1567
64 32 1568
64 33 1569
64 34 1570
64 35 1571
64 36 1572
64 37 1573
64 38 1574
64 39 1575
64 40 1576
64 41 1577
64 42 1578
64 43 1579
64 44 1580
64 45 1581
64 46 1582
64 47 1583
64 48 1584
64 49 1585
64 50 1586
64 51 1587
64 52 1588
64 53 1589
64 54 1590
64 55 1591
64 56 1592
64 57 1593
64 58 1594
64 59 1595
64 60 1596
64 61 1597
64 62 1598
64 63 1599
64 0 1600
64 1 1601
64 2 1602
64 3 1603
64 4 1604
64 5 1605
64 6 1606
64 7 1607
64 8 1608
64 9 1609
64 10 1610
64 11 1611
64 12 1612
64 13 1613
64 14 1614
64 15 1615
64 16 1616
64 17 1617
64 18 1618
64 19 1619
64 20 1620
64 21 1621
64 22 1622
64 23 1623
64 24 1624
64 25 1625
64 26 1626
64 27 1627
64 28 1628
64 29 1629
64 30 1630
64 31 1631
64 32 1632
64 33 1633
64 34 1634
64 35 1635
64 36 1636
64 37 1637
64 38 1638
64 39 1639
64 40 1640
64 41 1641
64 42 1642
64 43 1643
64 44 1644
64 45 1645
64 46 1646
64 47 1647
64 48 1648
64 49 1649
64 50 1650
64 51 1651
64 52 1652
64 53 1653
64 54 1654
64 55 1655
64 56 1656
64 57 1657
64 58 1658
64 59 1659
64 60 1660
64 61 1661
64 62 1662
64 63 1663
64 0 1664
64 1 1665
64 2 1666
64 3 1667
64 4 1668
64 5 1669
64 6 1670
64 7 1671
64 8 1672
64 9 1673
64 10 1674
64 11 1675
64 12 1676
64 13 1677
64 14 1678
64 15 1679
64 16 1680
64 17 1681
64 18 1682
64 19 1683
64 20 1684
64 21 1685
64 22 1686
64 23 1687
64 24 1688
64 25 1689
64 26 1690
64 27 1691
64 28 1692
64 29 1693
64 30 1694
64 31 1695
64 32 1696
64 33 1697
64 34 1698
64 35 1699
64 36 1700
64 37 1701
64 38 1702
64 39 1703
64 40 1704
64 41 1705
64 42 1706
64 43 1707
64 44 1708
64 45 1709
64 46 1710
64 47 1711
64 48 1712
64 49 1713
64 50 1714
64 51 1715
64 52 1716
64 53 1717
64 54 1718
64 55 1719
64 56 1720
64 57 1721
64 58 1722
64 59 1723
64 60 1724
64 61 1725
64 62 1726
64 63 1727
64 0 1728
64 1 1729
64 2 1730
64 3 1731
64 4 1732
64 5 1733
64 6 1734
64 7 1735
64 8 1736
64 9 1737
64 10 1738
64 11 1739
64 12 1740
64 13 1741
64 14 1742
64 15 1743
64 16 1744
64 17 1745
64 18 1746
64 19 1747
64 20 1748
64 21 1749
64 22 1750
64 23 1751
64 24 1752
64 25 1753
64 26 1754
64 27 1755
64 28 1756
64 29 1757
64 30 1758
64 31 1759
64 32 1760
64 33 1761
64 34 1762
64 35 1763
64 36 1764
64 37 1765
64 38 1766
64 39 1767
64 40 1768
64 41 1769
64 42 1770
64 43 1771
64 44 1772
64 45 1773
64 46 1774
64 47 1775
64 48 1776
64 49 1777
64 50 1778
64 51 1779
64 52 1780
64 53 1781
64 54 1782
64 55 1783
64 56 1784
64 57 1785
64 58 1786
64 59 1787
64 60 1788
64 61 1789
64 62 1790
64 63 1791
64 0 1792
64 1 1793
64 2 1794
64 3 1795
64 4 1796
64 5 1797
64 6 1798
64 7 1799
64 8 1800
64 9 1801
64 10 1802
64 11 1803
64 12 1804
64 13 1805
64 14 1806
64 15 1807
64 16 1808
64 17 1809
64 18 1810
64 19 1811
64 20 1812
64 21 1813
64 22 1814
64 23 1815
64 24 1816
64 25 1817
64 26 1818
64 27 1819
64 28 1820
64 29 1821
64 30 1822
64 31 1823
64 32 1824
64 33 1825
64 34 1826
64 35 1827
64 36 1828
64 37 1829
64 38 1830
64 39 1831
64 40 1832
64 41 1833
64 42 1834
64 43 1835
64 44 1836
64 45 1837
64 46 1838
64 47 1839
64 48 1840
64 49 1841
64 50 1842
64 51 1843
64 52 1844
64 53 1845
64 54 1846
64 55 1847
64 56 1848
64 57 1849
64 58 1850
64 59 1851
64 60 1852
64 61 1853
64 62 1854
64 63 1855
64 0 1856
64 1 1857
64 2 1858
64 3 1859
64 4 1860
64 5 1861
64 6 1862
64 7 1863
64 8 1864
64 9 1865
64 10 1866
64 11 1867
64 12 1868
64 13 1869
64 14 1870
64 15 1871
64 16 1872
64 17 1873
64 18 1874
64 19 1875
64 20 1876
64 21 1877
64 22 1878
64 23 1879
64 24 1880
64 25 1881
64 26 1882
64 27 1883
64 28 1884
64 29 1885
64 30 1886
64 31 1887
64 32 1888
64 33 1889
64 34 1890
64 35 1891
64 36 1892
64 37 1893
64 38 1894
64 39 1895
64 40 1896
64 41 1897
64 42 1898
64 43 1899
64 44 1900
64 45 1901
64 46 1902
64 47 1903
64 48 1904
64 49 1905
64 50 1906
64 51 1907
64 52 1908
64 53 1909
64 54 1910
64 55 1911
64 56 1912
64 57 1913
64 58 1914
64 59 1915
64 60 1916
64 61 1917
64 62 1918
64 63 1919
64 0 1920
64 1 1921
64 2 1922
64 3 1923
64 4 1924
64 5 1925
64 6 1926
64 7 1927
64 8 1928
64 9 1929
64 10 1930
64 11 1931
64 12 1932
64 13 1933
64 14 1934
64 15 1935
64 16 1936
64 17 1937
64 18 1938
64 19 1939
64 20 1940
64 21 1941
64 22 1942
64 23 1943
64 24 1944
64 25 1945
64 26 1946
64 27 1947
64 28 1948
64 29 1949
64 30 1950
64 31 1951
64 32 1952
64 33 1953
64 34 1954
64 35 1955
64 36 1956
64 37 1957
64 38 1958
64 39 1959
64 40 1960
64 41 1961
64 42 1962
64 43 1963
64 44 1964
64 45 1965
64 46 1966
64 47 1967
64 48 1968
64 49 1969
64 50 1970
64 51 1971
64 52 1972
64 53 1973
64 54 1974
64 55 1975
64 56 1976
64 57 1977
64 58 1978
64 59 1979
64 60 1980
64 61 1981
64 62 1982
64 63 1983
64 0 1984
64 1 1985
64 2 1986
64 3 1987
64 4 1988
64 5 1989
64 6 1990
64 7 1991
64 8 1992
64 9 1993
64 10 1994
64 11 1995
64 12 1996
64 13 1997
64 14 1998
64 15 1999
64 16 2000
64 17 2001
64 18 2002
64 19 2003
64 20 2004
64 21 2005
64 22 2006
64 23 2007
64 24 2008
64 25 2009
64 26 2010
64 27 2011
64 28 2012
64 29 2013
64 30 2014
64 31 2015
64 32 2016
64 33 2017
64 34 2018
64 35 2019
64 36 2020
64 37 2021
64 38 2022
64 39 2023
64 40 2024
64 41 2025
64 42 2026
64 43 2027
64 44 2028
64 45 2029
64 46 2030
64 47 2031
64 48 2032
64 49 2033
64 50 2034
64 51 2035
64 52 2036
64 53 2037
64 54 2038
64 55 2039
64 56 2040
64 57 2041
64 58 2042
64 59 2043
64 60 2044
64 61 2045
64 62 2046
64 63 2047
