0 1 0
0 1 1
0 1 2
0 1 3
0 1 4
0 1 5
0 1 6
0 1 7
0 1 8
0 1 9
0 1 10
0 1 11
0 1 12
0 1 13
0 1 14
0 1 15
1 2 16
1 2 17
1 2 18
1 2 19
1 2 20
1 2 21
1 2 22
1 2 23
1 2 24
1 2 25
1 2 26
1 2 27
1 2 28
1 2 29
1 2 30
1 2 31
2 3 32
2 3 33
2 3 34
2 3 35
2 3 36
2 3 37
2 3 38
2 3 39
2 3 40
2 3 41
2 3 42
2 3 43
2 3 44
2 3 45
2 3 46
2 3 47
3 4 48
3 4 49
3 4 50
3 4 51
3 4 52
3 4 53
3 4 54
3 4 55
3 4 56
3 4 57
3 4 58
3 4 59
3 4 60
3 4 61
3 4 62
3 4 63
4 5 64
4 5 65
4 5 66
4 5 67
4 5 68
4 5 69
4 5 70
4 5 71
4 5 72
4 5 73
4 5 74
4 5 75
4 5 76
4 5 77
4 5 78
4 5 79
5 6 80
5 6 81
5 6 82
5 6 83
5 6 84
5 6 85
5 6 86
5 6 87
5 6 88
5 6 89
5 6 90
5 6 91
5 6 92
5 6 93
5 6 94
5 6 95
6 7 96
6 7 97
6 7 98
6 7 99
6 7 100
6 7 101
6 7 102
6 7 103
6 7 104
6 7 105
6 7 106
6 7 107
6 7 108
6 7 109
6 7 110
6 7 111
7 8 112
7 8 113
7 8 114
7 8 115
7 8 116
7 8 117
7 8 118
7 8 119
7 8 120
7 8 121
7 8 122
7 8 123
7 8 124
7 8 125
7 8 126
7 8 127
8 9 128
8 9 129
8 9 130
8 9 131
8 9 132
8 9 133
8 9 134
8 9 135
8 9 136
8 9 137
8 9 138
8 9 139
8 9 140
8 9 141
8 9 142
8 9 143
9 10 144
9 10 145
9 10 146
9 10 147
9 10 148
9 10 149
9 10 150
9 10 151
9 10 152
9 10 153
9 10 154
9 10 155
9 10 156
9 10 157
9 10 158
9 10 159
10 11 160
10 11 161
10 11 162
10 11 163
10 11 164
10 11 165
10 11 166
10 11 167
10 11 168
10 11 169
10 11 170
10 11 171
10 11 172
10 11 173
10 11 174
10 11 175
11 12 176
11 12 177
11 12 178
11 12 179
11 12 180
11 12 181
11 12 182
11 12 183
11 12 184
11 12 185
11 12 186
11 12 187
11 12 188
11 12 189
11 12 190
11 12 191
12 13 192
12 13 193
12 13 194
12 13 195
12 13 196
12 13 197
12 13 198
12 13 199
12 13 200
12 13 201
12 13 202
12 13 203
12 13 204
12 13 205
12 13 206
12 13 207
13 14 208
13 14 209
13 14 210
13 14 211
13 14 212
13 14 213
13 14 214
13 14 215
13 14 216
13 14 217
13 14 218
13 14 219
13 14 220
13 14 221
13 14 222
13 14 223
14 15 224
14 15 225
14 15 226
14 15 227
14 15 228
14 15 229
14 15 230
14 15 231
14 15 232
14 15 233
14 15 234
14 15 235
14 15 236
14 15 237
14 15 238
14 15 239
15 16 240
15 16 241
15 16 242
15 16 243
15 16 244
15 16 245
15 16 246
15 16 247
15 16 248
15 16 249
15 16 250
15 16 251
15 16 252
15 16 253
15 16 254
15 16 255
16 17 256
16 17 257
16 17 258
16 17 259
16 17 260
16 17 261
16 17 262
16 17 263
16 17 264
16 17 265
16 17 266
16 17 267
16 17 268
16 17 269
16 17 270
16 17 271
17 18 272
17 18 273
17 18 274
17 18 275
17 18 276
17 18 277
17 18 278
17 18 279
17 18 280
17 18 281
17 18 282
17 18 283
17 18 284
17 18 285
17 18 286
17 18 287
18 19 288
18 19 289
18 19 290
18 19 291
18 19 292
18 19 293
18 19 294
18 19 295
18 19 296
18 19 297
18 19 298
18 19 299
18 19 300
18 19 301
18 19 302
18 19 303
19 20 304
19 20 305
19 20 306
19 20 307
19 20 308
19 20 309
19 20 310
19 20 311
19 20 312
19 20 313
19 20 314
19 20 315
19 20 316
19 20 317
19 20 318
19 20 319
20 21 320
20 21 321
20 21 322
20 21 323
20 21 324
20 21 325
20 21 326
20 21 327
20 21 328
20 21 329
20 21 330
20 21 331
20 21 332
20 21 333
20 21 334
20 21 335
21 22 336
21 22 337
21 22 338
21 22 339
21 22 340
21 22 341
21 22 342
21 22 343
21 22 344
21 22 345
21 22 346
21 22 347
21 22 348
21 22 349
21 22 350
21 22 351
22 23 352
22 23 353
22 23 354
22 23 355
22 23 356
22 23 357
22 23 358
22 23 359
22 23 360
22 23 361
22 23 362
22 23 363
22 23 364
22 23 365
22 23 366
22 23 367
23 24 368
23 24 369
23 24 370
23 24 371
23 24 372
23 24 373
23 24 374
23 24 375
23 24 376
23 24 377
23 24 378
23 24 379
23 24 380
23 24 381
23 24 382
23 24 383
24 25 384
24 25 385
24 25 386
24 25 387
24 25 388
24 25 389
24 25 390
24 25 391
24 25 392
24 25 393
24 25 394
24 25 395
24 25 396
24 25 397
24 25 398
24 25 399
25 26 400
25 26 401
25 26 402
25 26 403
25 26 404
25 26 405
25 26 406
25 26 407
25 26 408
25 26 409
25 26 410
25 26 411
25 26 412
25 26 413
25 26 414
25 26 415
26 27 416
26 27 417
26 27 418
26 27 419
26 27 420
26 27 421
26 27 422
26 27 423
26 27 424
26 27 425
26 27 426
26 27 427
26 27 428
26 27 429
26 27 430
26 27 431
27 28 432
27 28 433
27 28 434
27 28 435
27 28 436
27 28 437
27 28 438
27 28 439
27 28 440
27 28 441
27 28 442
27 28 443
27 28 444
27 28 445
27 28 446
27 28 447
28 29 448
28 29 449
28 29 450
28 29 451
28 29 452
28 29 453
28 29 454
28 29 455
28 29 456
28 29 457
28 29 458
28 29 459
28 29 460
28 29 461
28 29 462
28 29 463
29 30 464
29 30 465
29 30 466
29 30 467
29 30 468
29 30 469
29 30 470
29 30 471
29 30 472
29 30 473
29 30 474
29 30 475
29 30 476
29 30 477
29 30 478
29 30 479
30 31 480
30 31 481
30 31 482
30 31 483
30 31 484
30 31 485
30 31 486
30 31 487
30 31 488
30 31 489
30 31 490
30 31 491
30 31 492
30 31 493
30 31 494
30 31 495
31 32 496
31 32 497
31 32 498
31 32 499
31 32 500
31 32 501
31 32 502
31 32 503
31 32 504
31 32 505
31 32 506
31 32 507
31 32 508
31 32 509
31 32 510
31 32 511
32 33 512
32 33 513
32 33 514
32 33 515
32 33 516
32 33 517
32 33 518
32 33 519
32 33 520
32 33 521
32 33 522
32 33 523
32 33 524
32 33 525
32 33 526
32 33 527
33 34 528
33 34 529
33 34 530
33 34 531
33 34 532
33 34 533
33 34 534
33 34 535
33 34 536
33 34 537
33 34 538
33 34 539
33 34 540
33 34 541
33 34 542
33 34 543
34 35 544
34 35 545
34 35 546
34 35 547
34 35 548
34 35 549
34 35 550
34 35 551
34 35 552
34 35 553
34 35 554
34 35 555
34 35 556
34 35 557
34 35 558
34 35 559
35 36 560
35 36 561
35 36 562
35 36 563
35 36 564
35 36 565
35 36 566
35 36 567
35 36 568
35 36 569
35 36 570
35 36 571
35 36 572
35 36 573
35 36 574
35 36 575
36 37 576
36 37 577
36 37 578
36 37 579
36 37 580
36 37 581
36 37 582
36 37 583
36 37 584
36 37 585
36 37 586
36 37 587
36 37 588
36 37 589
36 37 590
36 37 591
37 38 592
37 38 593
37 38 594
37 38 595
37 38 596
37 38 597
37 38 598
37 38 599
37 38 600
37 38 601
37 38 602
37 38 603
37 38 604
37 38 605
37 38 606
37 38 607
38 39 608
38 39 609
38 39 610
38 39 611
38 39 612
38 39 613
38 39 614
38 39 615
38 39 616
38 39 617
38 39 618
38 39 619
38 39 620
38 39 621
38 39 622
38 39 623
39 40 624
39 40 625
39 40 626
39 40 627
39 40 628
39 40 629
39 40 630
39 40 631
39 40 632
39 40 633
39 40 634
39 40 635
39 40 636
39 40 637
39 40 638
39 40 639
40 41 640
40 41 641
40 41 642
40 41 643
40 41 644
40 41 645
40 41 646
40 41 647
40 41 648
40 41 649
40 41 650
40 41 651
40 41 652
40 41 653
40 41 654
40 41 655
41 42 656
41 42 657
41 42 658
41 42 659
41 42 660
41 42 661
41 42 662
41 42 663
41 42 664
41 42 665
41 42 666
41 42 667
41 42 668
41 42 669
41 42 670
41 42 671
42 43 672
42 43 673
42 43 674
42 43 675
42 43 676
42 43 677
42 43 678
42 43 679
42 43 680
42 43 681
42 43 682
42 43 683
42 43 684
42 43 685
42 43 686
42 43 687
43 44 688
43 44 689
43 44 690
43 44 691
43 44 692
43 44 693
43 44 694
43 44 695
43 44 696
43 44 697
43 44 698
43 44 699
43 44 700
43 44 701
43 44 702
43 44 703
44 45 704
44 45 705
44 45 706
44 45 707
44 45 708
44 45 709
44 45 710
44 45 711
44 45 712
44 45 713
44 45 714
44 45 715
44 45 716
44 45 717
44 45 718
44 45 719
45 46 720
45 46 721
45 46 722
45 46 723
45 46 724
45 46 725
45 46 726
45 46 727
45 46 728
45 46 729
45 46 730
45 46 731
45 46 732
45 46 733
45 46 734
45 46 735
46 47 736
46 47 737
46 47 738
46 47 739
46 47 740
46 47 741
46 47 742
46 47 743
46 47 744
46 47 745
46 47 746
46 47 747
46 47 748
46 47 749
46 47 750
46 47 751
