0 1 0
1 2 0
2 3 0
3 4 0
4 5 0
5 6 0
6 7 0
7 8 0
8 9 0
9 10 0
10 11 0
11 12 0
12 13 0
13 14 0
14 15 0
15 0 0
0 1 1
1 2 1
2 3 1
3 4 1
4 5 1
5 6 1
6 7 1
7 8 1
8 9 1
9 10 1
10 11 1
11 12 1
12 13 1
13 14 1
14 15 1
15 0 1
0 1 2
1 2 2
2 3 2
3 4 2
4 5 2
5 6 2
6 7 2
7 8 2
8 9 2
9 10 2
10 11 2
11 12 2
12 13 2
13 14 2
14 15 2
15 0 2
0 1 3
1 2 3
2 3 3
3 4 3
4 5 3
5 6 3
6 7 3
7 8 3
8 9 3
9 10 3
10 11 3
11 12 3
12 13 3
13 14 3
14 15 3
15 0 3
0 1 4
1 2 4
2 3 4
3 4 4
4 5 4
5 6 4
6 7 4
7 8 4
8 9 4
9 10 4
10 11 4
11 12 4
12 13 4
13 14 4
14 15 4
15 0 4
0 1 5
1 2 5
2 3 5
3 4 5
4 5 5
5 6 5
6 7 5
7 8 5
8 9 5
9 10 5
10 11 5
11 12 5
12 13 5
13 14 5
14 15 5
15 0 5
0 1 6
1 2 6
2 3 6
3 4 6
4 5 6
5 6 6
6 7 6
7 8 6
8 9 6
9 10 6
10 11 6
11 12 6
12 13 6
13 14 6
14 15 6
15 0 6
0 1 7
1 2 7
2 3 7
3 4 7
4 5 7
5 6 7
6 7 7
7 8 7
8 9 7
9 10 7
10 11 7
11 12 7
12 13 7
13 14 7
14 15 7
15 0 7
0 1 8
1 2 8
2 3 8
3 4 8
4 5 8
5 6 8
6 7 8
7 8 8
8 9 8
9 10 8
10 11 8
11 12 8
12 13 8
13 14 8
14 15 8
15 0 8
0 1 9
1 2 9
2 3 9
3 4 9
4 5 9
5 6 9
6 7 9
7 8 9
8 9 9
9 10 9
10 11 9
11 12 9
12 13 9
13 14 9
14 15 9
15 0 9
0 1 10
1 2 10
2 3 10
3 4 10
4 5 10
5 6 10
6 7 10
7 8 10
8 9 10
9 10 10
10 11 10
11 12 10
12 13 10
13 14 10
14 15 10
15 0 10
0 1 11
1 2 11
2 3 11
3 4 11
4 5 11
5 6 11
6 7 11
7 8 11
8 9 11
9 10 11
10 11 11
11 12 11
12 13 11
13 14 11
14 15 11
15 0 11
0 1 12
1 2 12
2 3 12
3 4 12
4 5 12
5 6 12
6 7 12
7 8 12
8 9 12
9 10 12
10 11 12
11 12 12
12 13 12
13 14 12
14 15 12
15 0 12
0 1 13
1 2 13
2 3 13
3 4 13
4 5 13
5 6 13
6 7 13
7 8 13
8 9 13
9 10 13
10 11 13
11 12 13
12 13 13
13 14 13
14 15 13
15 0 13
0 1 14
1 2 14
2 3 14
3 4 14
4 5 14
5 6 14
6 7 14
7 8 14
8 9 14
9 10 14
10 11 14
11 12 14
12 13 14
13 14 14
14 15 14
15 0 14
0 1 15
1 2 15
2 3 15
3 4 15
4 5 15
5 6 15
6 7 15
7 8 15
8 9 15
9 10 15
10 11 15
11 12 15
12 13 15
13 14 15
14 15 15
15 0 15
16 17 16
17 18 16
18 19 16
19 20 16
20 21 16
21 22 16
22 23 16
23 24 16
24 25 16
25 26 16
26 27 16
27 28 16
28 29 16
29 30 16
30 31 16
31 0 16
16 17 17
17 18 17
18 19 17
19 20 17
20 21 17
21 22 17
22 23 17
23 24 17
24 25 17
25 26 17
26 27 17
27 28 17
28 29 17
29 30 17
30 31 17
31 0 17
16 17 18
17 18 18
18 19 18
19 20 18
20 21 18
21 22 18
22 23 18
23 24 18
24 25 18
25 26 18
26 27 18
27 28 18
28 29 18
29 30 18
30 31 18
31 0 18
16 17 19
17 18 19
18 19 19
19 20 19
20 21 19
21 22 19
22 23 19
23 24 19
24 25 19
25 26 19
26 27 19
27 28 19
28 29 19
29 30 19
30 31 19
31 0 19
16 17 20
17 18 20
18 19 20
19 20 20
20 21 20
21 22 20
22 23 20
23 24 20
24 25 20
25 26 20
26 27 20
27 28 20
28 29 20
29 30 20
30 31 20
31 0 20
16 17 21
17 18 21
18 19 21
19 20 21
20 21 21
21 22 21
22 23 21
23 24 21
24 25 21
25 26 21
26 27 21
27 28 21
28 29 21
29 30 21
30 31 21
31 0 21
16 17 22
17 18 22
18 19 22
19 20 22
20 21 22
21 22 22
22 23 22
23 24 22
24 25 22
25 26 22
26 27 22
27 28 22
28 29 22
29 30 22
30 31 22
31 0 22
16 17 23
17 18 23
18 19 23
19 20 23
20 21 23
21 22 23
22 23 23
23 24 23
24 25 23
25 26 23
26 27 23
27 28 23
28 29 23
29 30 23
30 31 23
31 0 23
16 17 24
17 18 24
18 19 24
19 20 24
20 21 24
21 22 24
22 23 24
23 24 24
24 25 24
25 26 24
26 27 24
27 28 24
28 29 24
29 30 24
30 31 24
31 0 24
16 17 25
17 18 25
18 19 25
19 20 25
20 21 25
21 22 25
22 23 25
23 24 25
24 25 25
25 26 25
26 27 25
27 28 25
28 29 25
29 30 25
30 31 25
31 0 25
16 17 26
17 18 26
18 19 26
19 20 26
20 21 26
21 22 26
22 23 26
23 24 26
24 25 26
25 26 26
26 27 26
27 28 26
28 29 26
29 30 26
30 31 26
31 0 26
16 17 27
17 18 27
18 19 27
19 20 27
20 21 27
21 22 27
22 23 27
23 24 27
24 25 27
25 26 27
26 27 27
27 28 27
28 29 27
29 30 27
30 31 27
31 0 27
16 17 28
17 18 28
18 19 28
19 20 28
20 21 28
21 22 28
22 23 28
23 24 28
24 25 28
25 26 28
26 27 28
27 28 28
28 29 28
29 30 28
30 31 28
31 0 28
16 17 29
17 18 29
18 19 29
19 20 29
20 21 29
21 22 29
22 23 29
23 24 29
24 25 29
25 26 29
26 27 29
27 28 29
28 29 29
29 30 29
30 31 29
31 0 29
16 17 30
17 18 30
18 19 30
19 20 30
20 21 30
21 22 30
22 23 30
23 24 30
24 25 30
25 26 30
26 27 30
27 28 30
28 29 30
29 30 30
30 31 30
31 0 30
16 17 31
17 18 31
18 19 31
19 20 31
20 21 31
21 22 31
22 23 31
23 24 31
24 25 31
25 26 31
26 27 31
27 28 31
28 29 31
29 30 31
30 31 31
31 0 31
32 33 32
33 34 32
34 35 32
35 36 32
36 37 32
37 38 32
38 39 32
39 40 32
40 41 32
41 42 32
42 43 32
43 44 32
44 45 32
45 46 32
46 47 32
47 0 32
32 33 33
33 34 33
34 35 33
35 36 33
36 37 33
37 38 33
38 39 33
39 40 33
40 41 33
41 42 33
42 43 33
43 44 33
44 45 33
45 46 33
46 47 33
47 0 33
32 33 34
33 34 34
34 35 34
35 36 34
36 37 34
37 38 34
38 39 34
39 40 34
40 41 34
41 42 34
42 43 34
43 44 34
44 45 34
45 46 34
46 47 34
47 0 34
32 33 35
33 34 35
34 35 35
35 36 35
36 37 35
37 38 35
38 39 35
39 40 35
40 41 35
41 42 35
42 43 35
43 44 35
44 45 35
45 46 35
46 47 35
47 0 35
32 33 36
33 34 36
34 35 36
35 36 36
36 37 36
37 38 36
38 39 36
39 40 36
40 41 36
41 42 36
42 43 36
43 44 36
44 45 36
45 46 36
46 47 36
47 0 36
32 33 37
33 34 37
34 35 37
35 36 37
36 37 37
37 38 37
38 39 37
39 40 37
40 41 37
41 42 37
42 43 37
43 44 37
44 45 37
45 46 37
46 47 37
47 0 37
32 33 38
33 34 38
34 35 38
35 36 38
36 37 38
37 38 38
38 39 38
39 40 38
40 41 38
41 42 38
42 43 38
43 44 38
44 45 38
45 46 38
46 47 38
47 0 38
32 33 39
33 34 39
34 35 39
35 36 39
36 37 39
37 38 39
38 39 39
39 40 39
40 41 39
41 42 39
42 43 39
43 44 39
44 45 39
45 46 39
46 47 39
47 0 39
32 33 40
33 34 40
34 35 40
35 36 40
36 37 40
37 38 40
38 39 40
39 40 40
40 41 40
41 42 40
42 43 40
43 44 40
44 45 40
45 46 40
46 47 40
47 0 40
32 33 41
33 34 41
34 35 41
35 36 41
36 37 41
37 38 41
38 39 41
39 40 41
40 41 41
41 42 41
42 43 41
43 44 41
44 45 41
45 46 41
46 47 41
47 0 41
32 33 42
33 34 42
34 35 42
35 36 42
36 37 42
37 38 42
38 39 42
39 40 42
40 41 42
41 42 42
42 43 42
43 44 42
44 45 42
45 46 42
46 47 42
47 0 42
32 33 43
33 34 43
34 35 43
35 36 43
36 37 43
37 38 43
38 39 43
39 40 43
40 41 43
41 42 43
42 43 43
43 44 43
44 45 43
45 46 43
46 47 43
47 0 43
32 33 44
33 34 44
34 35 44
35 36 44
36 37 44
37 38 44
38 39 44
39 40 44
40 41 44
41 42 44
42 43 44
43 44 44
44 45 44
45 46 44
46 47 44
47 0 44
32 33 45
33 34 45
34 35 45
35 36 45
36 37 45
37 38 45
38 39 45
39 40 45
40 41 45
41 42 45
42 43 45
43 44 45
44 45 45
45 46 45
46 47 45
47 0 45
32 33 46
33 34 46
34 35 46
35 36 46
36 37 46
37 38 46
38 39 46
39 40 46
40 41 46
41 42 46
42 43 46
43 44 46
44 45 46
45 46 46
46 47 46
47 0 46
32 33 47
33 34 47
34 35 47
35 36 47
36 37 47
37 38 47
38 39 47
39 40 47
40 41 47
41 42 47
42 43 47
43 44 47
44 45 47
45 46 47
46 47 47
47 0 47
64 0 48
64 1 49
64 2 50
64 3 51
64 4 52
64 5 53
64 6 54
64 7 55
64 8 56
64 9 57
64 10 58
64 11 59
64 12 60
64 13 61
64 14 62
64 15 63
64 16 64
64 17 65
64 18 66
64 19 67
64 20 68
64 21 69
64 22 70
64 23 71
64 24 72
64 25 73
64 26 74
64 27 75
64 28 76
64 29 77
64 30 78
64 31 79
64 32 80
64 33 81
64 34 82
64 35 83
64 36 84
64 37 85
64 38 86
64 39 87
64 40 88
64 41 89
64 42 90
64 43 91
64 44 92
64 45 93
64 46 94
64 47 95
64 48 96
64 49 97
64 50 98
64 51 99
64 52 100
64 53 101
64 54 102
64 55 103
64 56 104
64 57 105
64 58 106
64 59 107
64 60 108
64 61 109
64 62 110
64 63 111
64 0 112
64 1 113
64 2 114
64 3 115
64 4 116
64 5 117
64 6 118
64 7 119
64 8 120
64 9 121
64 10 122
64 11 123
64 12 124
64 13 125
64 14 126
64 15 127
64 16 128
64 17 129
64 18 130
64 19 131
64 20 132
64 21 133
64 22 134
64 23 135
64 24 136
64 25 137
64 26 138
64 27 139
64 28 140
64 29 141
64 30 142
64 31 143
64 32 144
64 33 145
64 34 146
64 35 147
64 36 148
64 37 149
64 38 150
64 39 151
64 40 152
64 41 153
64 42 154
64 43 155
64 44 156
64 45 157
64 46 158
64 47 159
64 48 160
64 49 161
64 50 162
64 51 163
64 52 164
64 53 165
64 54 166
64 55 167
64 56 168
64 57 169
64 58 170
64 59 171
64 60 172
64 61 173
64 62 174
64 63 175
64 0 176
64 1 177
64 2 178
64 3 179
64 4 180
64 5 181
64 6 182
64 7 183
64 8 184
64 9 185
64 10 186
64 11 187
64 12 188
64 13 189
64 14 190
64 15 191
64 16 192
64 17 193
64 18 194
64 19 195
64 20 196
64 21 197
64 22 198
64 23 199
64 24 200
64 25 201
64 26 202
64 27 203
64 28 204
64 29 205
64 30 206
64 31 207
64 32 208
64 33 209
64 34 210
64 35 211
64 36 212
64 37 213
64 38 214
64 39 215
64 40 216
64 41 217
64 42 218
64 43 219
64 44 220
64 45 221
64 46 222
64 47 223
64 48 224
64 49 225
64 50 226
64 51 227
64 52 228
64 53 229
64 54 230
64 55 231
64 56 232
64 57 233
64 58 234
64 59 235
64 60 236
64 61 237
64 62 238
64 63 239
64 0 240
64 1 241
64 2 242
64 3 243
64 4 244
64 5 245
64 6 246
64 7 247
64 8 248
64 9 249
64 10 250
64 11 251
64 12 252
64 13 253
64 14 254
64 15 255
64 16 256
64 17 257
64 18 258
64 19 259
64 20 260
64 21 261
64 22 262
64 23 263
64 24 264
64 25 265
64 26 266
64 27 267
64 28 268
64 29 269
64 30 270
64 31 271
64 32 272
64 33 273
64 34 274
64 35 275
64 36 276
64 37 277
64 38 278
64 39 279
64 40 280
64 41 281
64 42 282
64 43 283
64 44 284
64 45 285
64 46 286
64 47 287
64 48 288
64 49 289
64 50 290
64 51 291
64 52 292
64 53 293
64 54 294
64 55 295
64 56 296
64 57 297
64 58 298
64 59 299
64 60 300
64 61 301
64 62 302
64 63 303
64 0 304
64 1 305
64 2 306
64 3 307
64 4 308
64 5 309
64 6 310
64 7 311
64 8 312
64 9 313
64 10 314
64 11 315
64 12 316
64 13 317
64 14 318
64 15 319
64 16 320
64 17 321
64 18 322
64 19 323
64 20 324
64 21 325
64 22 326
64 23 327
64 24 328
64 25 329
64 26 330
64 27 331
64 28 332
64 29 333
64 30 334
64 31 335
64 32 336
64 33 337
64 34 338
64 35 339
64 36 340
64 37 341
64 38 342
64 39 343
64 40 344
64 41 345
64 42 346
64 43 347
64 44 348
64 45 349
64 46 350
64 47 351
64 48 352
64 49 353
64 50 354
64 51 355
64 52 356
64 53 357
64 54 358
64 55 359
64 56 360
64 57 361
64 58 362
64 59 363
64 60 364
64 61 365
64 62 366
64 63 367
64 0 368
64 1 369
64 2 370
64 3 371
64 4 372
64 5 373
64 6 374
64 7 375
64 8 376
64 9 377
64 10 378
64 11 379
64 12 380
64 13 381
64 14 382
64 15 383
64 16 384
64 17 385
64 18 386
64 19 387
64 20 388
64 21 389
64 22 390
64 23 391
64 24 392
64 25 393
64 26 394
64 27 395
64 28 396
64 29 397
64 30 398
64 31 399
64 32 400
64 33 401
64 34 402
64 35 403
64 36 404
64 37 405
64 38 406
64 39 407
64 40 408
64 41 409
64 42 410
64 43 411
64 44 412
64 45 413
64 46 414
64 47 415
64 48 416
64 49 417
64 50 418
64 51 419
64 52 420
64 53 421
64 54 422
64 55 423
64 56 424
64 57 425
64 58 426
64 59 427
64 60 428
64 61 429
64 62 430
64 63 431
64 0 432
64 1 433
64 2 434
64 3 435
64 4 436
64 5 437
64 6 438
64 7 439
64 8 440
64 9 441
64 10 442
64 11 443
64 12 444
64 13 445
64 14 446
64 15 447
64 16 448
64 17 449
64 18 450
64 19 451
64 20 452
64 21 453
64 22 454
64 23 455
64 24 456
64 25 457
64 26 458
64 27 459
64 28 460
64 29 461
64 30 462
64 31 463
64 32 464
64 33 465
64 34 466
64 35 467
64 36 468
64 37 469
64 38 470
64 39 471
64 40 472
64 41 473
64 42 474
64 43 475
64 44 476
64 45 477
64 46 478
64 47 479
64 48 480
64 49 481
64 50 482
64 51 483
64 52 484
64 53 485
64 54 486
64 55 487
64 56 488
64 57 489
64 58 490
64 59 491
64 60 492
64 61 493
64 62 494
64 63 495
64 0 496
64 1 497
64 2 498
64 3 499
64 4 500
64 5 501
64 6 502
64 7 503
64 8 504
64 9 505
64 10 506
64 11 507
64 12 508
64 13 509
64 14 510
64 15 511
64 16 512
64 17 513
64 18 514
64 19 515
64 20 516
64 21 517
64 22 518
64 23 519
64 24 520
64 25 521
64 26 522
64 27 523
64 28 524
64 29 525
64 30 526
64 31 527
64 32 528
64 33 529
64 34 530
64 35 531
64 36 532
64 37 533
64 38 534
64 39 535
64 40 536
64 41 537
64 42 538
64 43 539
64 44 540
64 45 541
64 46 542
64 47 543
64 48 544
64 49 545
64 50 546
64 51 547
64 52 548
64 53 549
64 54 550
64 55 551
64 56 552
64 57 553
64 58 554
64 59 555
64 60 556
64 61 557
64 62 558
64 63 559
64 0 560
64 1 561
64 2 562
64 3 563
64 4 564
64 5 565
64 6 566
64 7 567
64 8 568
64 9 569
64 10 570
64 11 571
64 12 572
64 13 573
64 14 574
64 15 575
64 16 576
64 17 577
64 18 578
64 19 579
64 20 580
64 21 581
64 22 582
64 23 583
64 24 584
64 25 585
64 26 586
64 27 587
64 28 588
64 29 589
64 30 590
64 31 591
64 32 592
64 33 593
64 34 594
64 35 595
64 36 596
64 37 597
64 38 598
64 39 599
64 40 600
64 41 601
64 42 602
64 43 603
64 44 604
64 45 605
64 46 606
64 47 607
64 48 608
64 49 609
64 50 610
64 51 611
64 52 612
64 53 613
64 54 614
64 55 615
64 56 616
64 57 617
64 58 618
64 59 619
64 60 620
64 61 621
64 62 622
64 63 623
64 0 624
64 1 625
64 2 626
64 3 627
64 4 628
64 5 629
64 6 630
64 7 631
64 8 632
64 9 633
64 10 634
64 11 635
64 12 636
64 13 637
64 14 638
64 15 639
64 16 640
64 17 641
64 18 642
64 19 643
64 20 644
64 21 645
64 22 646
64 23 647
64 24 648
64 25 649
64 26 650
64 27 651
64 28 652
64 29 653
64 30 654
64 31 655
64 32 656
64 33 657
64 34 658
64 35 659
64 36 660
64 37 661
64 38 662
64 39 663
64 40 664
64 41 665
64 42 666
64 43 667
64 44 668
64 45 669
64 46 670
64 47 671
64 48 672
64 49 673
64 50 674
64 51 675
64 52 676
64 53 677
64 54 678
64 55 679
64 56 680
64 57 681
64 58 682
64 59 683
64 60 684
64 61 685
64 62 686
64 63 687
64 0 688
64 1 689
64 2 690
64 3 691
64 4 692
64 5 693
64 6 694
64 7 695
64 8 696
64 9 697
64 10 698
64 11 699
64 12 700
64 13 701
64 14 702
64 15 703
64 16 704
64 17 705
64 18 706
64 19 707
64 20 708
64 21 709
64 22 710
64 23 711
64 24 712
64 25 713
64 26 714
64 27 715
64 28 716
64 29 717
64 30 718
64 31 719
64 32 720
64 33 721
64 34 722
64 35 723
64 36 724
64 37 725
64 38 726
64 39 727
64 40 728
64 41 729
64 42 730
64 43 731
64 44 732
64 45 733
64 46 734
64 47 735
64 48 736
64 49 737
64 50 738
64 51 739
64 52 740
64 53 741
64 54 742
64 55 743
64 56 744
64 57 745
64 58 746
64 59 747
64 60 748
64 61 749
64 62 750
64 63 751
64 0 752
64 1 753
64 2 754
64 3 755
64 4 756
64 5 757
64 6 758
64 7 759
64 8 760
64 9 761
64 10 762
64 11 763
64 12 764
64 13 765
64 14 766
64 15 767
64 16 768
64 17 769
64 18 770
64 19 771
64 20 772
64 21 773
64 22 774
64 23 775
64 24 776
64 25 777
64 26 778
64 27 779
64 28 780
64 29 781
64 30 782
64 31 783
64 32 784
64 33 785
64 34 786
64 35 787
64 36 788
64 37 789
64 38 790
64 39 791
64 40 792
64 41 793
64 42 794
64 43 795
64 44 796
64 45 797
64 46 798
64 47 799
64 48 800
64 49 801
64 50 802
64 51 803
64 52 804
64 53 805
64 54 806
64 55 807
64 56 808
64 57 809
64 58 810
64 59 811
64 60 812
64 61 813
64 62 814
64 63 815
64 0 816
64 1 817
64 2 818
64 3 819
64 4 820
64 5 821
64 6 822
64 7 823
64 8 824
64 9 825
64 10 826
64 11 827
64 12 828
64 13 829
64 14 830
64 15 831
64 16 832
64 17 833
64 18 834
64 19 835
64 20 836
64 21 837
64 22 838
64 23 839
64 24 840
64 25 841
64 26 842
64 27 843
64 28 844
64 29 845
64 30 846
64 31 847
64 32 848
64 33 849
64 34 850
64 35 851
64 36 852
64 37 853
64 38 854
64 39 855
64 40 856
64 41 857
64 42 858
64 43 859
64 44 860
64 45 861
64 46 862
64 47 863
64 48 864
64 49 865
64 50 866
64 51 867
64 52 868
64 53 869
64 54 870
64 55 871
64 56 872
64 57 873
64 58 874
64 59 875
64 60 876
64 61 877
64 62 878
64 63 879
64 0 880
64 1 881
64 2 882
64 3 883
64 4 884
64 5 885
64 6 886
64 7 887
64 8 888
64 9 889
64 10 890
64 11 891
64 12 892
64 13 893
64 14 894
64 15 895
64 16 896
64 17 897
64 18 898
64 19 899
64 20 900
64 21 901
64 22 902
64 23 903
64 24 904
64 25 905
64 26 906
64 27 907
64 28 908
64 29 909
64 30 910
64 31 911
64 32 912
64 33 913
64 34 914
64 35 915
64 36 916
64 37 917
64 38 918
64 39 919
64 40 920
64 41 921
64 42 922
64 43 923
64 44 924
64 45 925
64 46 926
64 47 927
64 48 928
64 49 929
64 50 930
64 51 931
64 52 932
64 53 933
64 54 934
64 55 935
64 56 936
64 57 937
64 58 938
64 59 939
64 60 940
64 61 941
64 62 942
64 63 943
64 0 944
64 1 945
64 2 946
64 3 947
64 4 948
64 5 949
64 6 950
64 7 951
64 8 952
64 9 953
64 10 954
64 11 955
64 12 956
64 13 957
64 14 958
64 15 959
64 16 960
64 17 961
64 18 962
64 19 963
64 20 964
64 21 965
64 22 966
64 23 967
64 24 968
64 25 969
64 26 970
64 27 971
64 28 972
64 29 973
64 30 974
64 31 975
64 32 976
64 33 977
64 34 978
64 35 979
64 36 980
64 37 981
64 38 982
64 39 983
64 40 984
64 41 985
64 42 986
64 43 987
64 44 988
64 45 989
64 46 990
64 47 991
64 48 992
64 49 993
64 50 994
64 51 995
64 52 996
64 53 997
64 54 998
64 55 999
64 56 1000
64 57 1001
64 58 1002
64 59 1003
64 60 1004
64 61 1005
64 62 1006
64 63 1007
64 0 1008
64 1 1009
64 2 1010
64 3 1011
64 4 1012
64 5 1013
64 6 1014
64 7 1015
64 8 1016
64 9 1017
64 10 1018
64 11 1019
64 12 1020
64 13 1021
64 14 1022
64 15 1023
64 16 1024
64 17 1025
64 18 1026
64 19 1027
64 20 1028
64 21 1029
64 22 1030
64 23 1031
64 24 1032
64 25 1033
64 26 1034
64 27 1035
64 28 1036
64 29 1037
64 30 1038
64 31 1039
64 32 1040
64 33 1041
64 34 1042
64 35 1043
64 36 1044
64 37 1045
64 38 1046
64 39 1047
64 40 1048
64 41 1049
64 42 1050
64 43 1051
64 44 1052
64 45 1053
64 46 1054
64 47 1055
64 48 1056
64 49 1057
64 50 1058
64 51 1059
64 52 1060
64 53 1061
64 54 1062
64 55 1063
64 56 1064
64 57 1065
64 58 1066
64 59 1067
64 60 1068
64 61 1069
64 62 1070
64 63 1071
