0 1 0
1 2 0
2 3 0
3 4 0
4 5 0
5 6 0
6 7 0
7 0 0
0 1 1
1 2 1
2 3 1
3 4 1
4 5 1
5 6 1
6 7 1
7 0 1
0 1 2
1 2 2
2 3 2
3 4 2
4 5 2
5 6 2
6 7 2
7 0 2
0 1 3
1 2 3
2 3 3
3 4 3
4 5 3
5 6 3
6 7 3
7 0 3
0 1 4
1 2 4
2 3 4
3 4 4
4 5 4
5 6 4
6 7 4
7 0 4
0 1 5
1 2 5
2 3 5
3 4 5
4 5 5
5 6 5
6 7 5
7 0 5
0 1 6
1 2 6
2 3 6
3 4 6
4 5 6
5 6 6
6 7 6
7 0 6
0 1 7
1 2 7
2 3 7
3 4 7
4 5 7
5 6 7
6 7 7
7 0 7
0 1 8
1 2 8
2 3 8
3 4 8
4 5 8
5 6 8
6 7 8
7 0 8
0 1 9
1 2 9
2 3 9
3 4 9
4 5 9
5 6 9
6 7 9
7 0 9
0 1 10
1 2 10
2 3 10
3 4 10
4 5 10
5 6 10
6 7 10
7 0 10
0 1 11
1 2 11
2 3 11
3 4 11
4 5 11
5 6 11
6 7 11
7 0 11
0 1 12
1 2 12
2 3 12
3 4 12
4 5 12
5 6 12
6 7 12
7 0 12
0 1 13
1 2 13
2 3 13
3 4 13
4 5 13
5 6 13
6 7 13
7 0 13
0 1 14
1 2 14
2 3 14
3 4 14
4 5 14
5 6 14
6 7 14
7 0 14
0 1 15
1 2 15
2 3 15
3 4 15
4 5 15
5 6 15
6 7 15
7 0 15
8 9 16
9 10 16
10 11 16
11 12 16
12 13 16
13 14 16
14 15 16
15 0 16
8 9 17
9 10 17
10 11 17
11 12 17
12 13 17
13 14 17
14 15 17
15 0 17
8 9 18
9 10 18
10 11 18
11 12 18
12 13 18
13 14 18
14 15 18
15 0 18
8 9 19
9 10 19
10 11 19
11 12 19
12 13 19
13 14 19
14 15 19
15 0 19
8 9 20
9 10 20
10 11 20
11 12 20
12 13 20
13 14 20
14 15 20
15 0 20
8 9 21
9 10 21
10 11 21
11 12 21
12 13 21
13 14 21
14 15 21
15 0 21
8 9 22
9 10 22
10 11 22
11 12 22
12 13 22
13 14 22
14 15 22
15 0 22
8 9 23
9 10 23
10 11 23
11 12 23
12 13 23
13 14 23
14 15 23
15 0 23
8 9 24
9 10 24
10 11 24
11 12 24
12 13 24
13 14 24
14 15 24
15 0 24
8 9 25
9 10 25
10 11 25
11 12 25
12 13 25
13 14 25
14 15 25
15 0 25
8 9 26
9 10 26
10 11 26
11 12 26
12 13 26
13 14 26
14 15 26
15 0 26
8 9 27
9 10 27
10 11 27
11 12 27
12 13 27
13 14 27
14 15 27
15 0 27
8 9 28
9 10 28
10 11 28
11 12 28
12 13 28
13 14 28
14 15 28
15 0 28
8 9 29
9 10 29
10 11 29
11 12 29
12 13 29
13 14 29
14 15 29
15 0 29
8 9 30
9 10 30
10 11 30
11 12 30
12 13 30
13 14 30
14 15 30
15 0 30
8 9 31
9 10 31
10 11 31
11 12 31
12 13 31
13 14 31
14 15 31
15 0 31
16 17 32
17 18 32
18 19 32
19 20 32
20 21 32
21 22 32
22 23 32
23 0 32
16 17 33
17 18 33
18 19 33
19 20 33
20 21 33
21 22 33
22 23 33
23 0 33
16 17 34
17 18 34
18 19 34
19 20 34
20 21 34
21 22 34
22 23 34
23 0 34
16 17 35
17 18 35
18 19 35
19 20 35
20 21 35
21 22 35
22 23 35
23 0 35
16 17 36
17 18 36
18 19 36
19 20 36
20 21 36
21 22 36
22 23 36
23 0 36
16 17 37
17 18 37
18 19 37
19 20 37
20 21 37
21 22 37
22 23 37
23 0 37
16 17 38
17 18 38
18 19 38
19 20 38
20 21 38
21 22 38
22 23 38
23 0 38
16 17 39
17 18 39
18 19 39
19 20 39
20 21 39
21 22 39
22 23 39
23 0 39
16 17 40
17 18 40
18 19 40
19 20 40
20 21 40
21 22 40
22 23 40
23 0 40
16 17 41
17 18 41
18 19 41
19 20 41
20 21 41
21 22 41
22 23 41
23 0 41
16 17 42
17 18 42
18 19 42
19 20 42
20 21 42
21 22 42
22 23 42
23 0 42
16 17 43
17 18 43
18 19 43
19 20 43
20 21 43
21 22 43
22 23 43
23 0 43
16 17 44
17 18 44
18 19 44
19 20 44
20 21 44
21 22 44
22 23 44
23 0 44
16 17 45
17 18 45
18 19 45
19 20 45
20 21 45
21 22 45
22 23 45
23 0 45
16 17 46
17 18 46
18 19 46
19 20 46
20 21 46
21 22 46
22 23 46
23 0 46
16 17 47
17 18 47
18 19 47
19 20 47
20 21 47
21 22 47
22 23 47
23 0 47
36 0 48
36 1 49
36 2 50
36 3 51
36 4 52
36 5 53
36 6 54
36 7 55
36 8 56
36 9 57
36 10 58
36 11 59
36 12 60
36 13 61
36 14 62
36 15 63
36 16 64
36 17 65
36 18 66
36 19 67
36 20 68
36 21 69
36 22 70
36 23 71
36 24 72
36 25 73
36 26 74
36 27 75
36 28 76
36 29 77
36 30 78
36 31 79
36 32 80
36 33 81
36 34 82
36 0 84
36 1 85
36 2 86
36 3 87
36 4 88
36 5 89
36 6 90
36 7 91
36 8 92
36 9 93
36 10 94
36 11 95
36 12 96
36 13 97
36 14 98
36 15 99
36 16 100
36 17 101
36 18 102
36 19 103
36 20 104
36 21 105
36 22 106
36 23 107
36 24 108
36 25 109
36 26 110
36 27 111
36 28 112
36 29 113
36 30 114
36 31 115
36 32 116
36 33 117
36 34 118
36 0 120
36 1 121
36 2 122
36 3 123
36 4 124
36 5 125
36 6 126
36 7 127
36 8 128
36 9 129
36 10 130
36 11 131
36 12 132
36 13 133
36 14 134
36 15 135
36 16 136
36 17 137
36 18 138
36 19 139
36 20 140
36 21 141
36 22 142
36 23 143
36 24 144
36 25 145
36 26 146
36 27 147
36 28 148
36 29 149
36 30 150
36 31 151
36 32 152
36 33 153
36 34 154
36 0 156
36 1 157
36 2 158
36 3 159
36 4 160
36 5 161
36 6 162
36 7 163
36 8 164
36 9 165
36 10 166
36 11 167
36 12 168
36 13 169
36 14 170
36 15 171
36 16 172
36 17 173
36 18 174
36 19 175
36 20 176
36 21 177
36 22 178
36 23 179
36 24 180
36 25 181
36 26 182
36 27 183
36 28 184
36 29 185
36 30 186
36 31 187
36 32 188
36 33 189
36 34 190
36 0 192
36 1 193
36 2 194
36 3 195
36 4 196
36 5 197
36 6 198
36 7 199
36 8 200
36 9 201
36 10 202
36 11 203
36 12 204
36 13 205
36 14 206
36 15 207
36 16 208
36 17 209
36 18 210
36 19 211
36 20 212
36 21 213
36 22 214
36 23 215
36 24 216
36 25 217
36 26 218
36 27 219
36 28 220
36 29 221
36 30 222
36 31 223
36 32 224
36 33 225
36 34 226
36 0 228
36 1 229
36 2 230
36 3 231
36 4 232
36 5 233
36 6 234
36 7 235
36 8 236
36 9 237
36 10 238
36 11 239
36 12 240
36 13 241
36 14 242
36 15 243
36 16 244
36 17 245
36 18 246
36 19 247
36 20 248
36 21 249
36 22 250
36 23 251
36 24 252
36 25 253
36 26 254
36 27 255
36 28 256
36 29 257
36 30 258
36 31 259
36 32 260
36 33 261
36 34 262
36 0 264
36 1 265
36 2 266
36 3 267
36 4 268
36 5 269
36 6 270
36 7 271
36 8 272
36 9 273
36 10 274
36 11 275
36 12 276
36 13 277
36 14 278
36 15 279
36 16 280
36 17 281
36 18 282
36 19 283
36 20 284
36 21 285
36 22 286
36 23 287
36 24 288
36 25 289
36 26 290
36 27 291
36 28 292
36 29 293
36 30 294
36 31 295
36 32 296
36 33 297
36 34 298
36 0 300
36 1 301
36 2 302
36 3 303
36 4 304
36 5 305
36 6 306
36 7 307
36 8 308
36 9 309
36 10 310
36 11 311
36 12 312
36 13 313
36 14 314
36 15 315
36 16 316
36 17 317
36 18 318
36 19 319
36 20 320
36 21 321
36 22 322
36 23 323
36 24 324
36 25 325
36 26 326
36 27 327
36 28 328
36 29 329
36 30 330
36 31 331
36 32 332
36 33 333
36 34 334
36 0 336
36 1 337
36 2 338
36 3 339
36 4 340
36 5 341
36 6 342
36 7 343
36 8 344
36 9 345
36 10 346
36 11 347
36 12 348
36 13 349
36 14 350
36 15 351
36 16 352
36 17 353
36 18 354
36 19 355
36 20 356
36 21 357
36 22 358
36 23 359
36 24 360
36 25 361
36 26 362
36 27 363
36 28 364
36 29 365
36 30 366
36 31 367
36 32 368
36 33 369
36 34 370
36 0 372
36 1 373
36 2 374
36 3 375
36 4 376
36 5 377
36 6 378
36 7 379
36 8 380
36 9 381
36 10 382
36 11 383
36 12 384
36 13 385
36 14 386
36 15 387
36 16 388
36 17 389
36 18 390
36 19 391
36 20 392
36 21 393
36 22 394
36 23 395
36 24 396
36 25 397
36 26 398
36 27 399
36 28 400
36 29 401
36 30 402
36 31 403
36 32 404
36 33 405
36 34 406
36 0 408
36 1 409
36 2 410
36 3 411
36 4 412
36 5 413
36 6 414
36 7 415
36 8 416
36 9 417
36 10 418
36 11 419
36 12 420
36 13 421
36 14 422
36 15 423
36 16 424
36 17 425
36 18 426
36 19 427
36 20 428
36 21 429
36 22 430
36 23 431
36 24 432
36 25 433
36 26 434
36 27 435
36 28 436
36 29 437
36 30 438
36 31 439
36 32 440
36 33 441
36 34 442
36 0 444
36 1 445
36 2 446
36 3 447
36 4 448
36 5 449
36 6 450
36 7 451
36 8 452
36 9 453
36 10 454
36 11 455
36 12 456
36 13 457
36 14 458
36 15 459
36 16 460
36 17 461
36 18 462
36 19 463
36 20 464
36 21 465
36 22 466
36 23 467
36 24 468
36 25 469
36 26 470
36 27 471
36 28 472
36 29 473
36 30 474
36 31 475
36 32 476
36 33 477
36 34 478
36 0 480
36 1 481
36 2 482
36 3 483
36 4 484
36 5 485
36 6 486
36 7 487
36 8 488
36 9 489
36 10 490
36 11 491
36 12 492
36 13 493
36 14 494
36 15 495
36 16 496
36 17 497
36 18 498
36 19 499
36 20 500
36 21 501
36 22 502
36 23 503
36 24 504
36 25 505
36 26 506
36 27 507
36 28 508
36 29 509
36 30 510
36 31 511
36 32 512
36 33 513
36 34 514
36 0 516
36 1 517
36 2 518
36 3 519
36 4 520
36 5 521
36 6 522
36 7 523
36 8 524
36 9 525
36 10 526
36 11 527
36 12 528
36 13 529
36 14 530
36 15 531
36 16 532
36 17 533
36 18 534
36 19 535
36 20 536
36 21 537
36 22 538
36 23 539
36 24 540
36 25 541
36 26 542
36 27 543
36 28 544
36 29 545
36 30 546
36 31 547
36 32 548
36 33 549
36 34 550
36 0 552
36 1 553
36 2 554
36 3 555
36 4 556
36 5 557
36 6 558
36 7 559
36 8 560
36 9 561
36 10 562
36 11 563
36 12 564
36 13 565
36 14 566
36 15 567
36 16 568
36 17 569
36 18 570
36 19 571
36 20 572
36 21 573
36 22 574
36 23 575
36 24 576
36 25 577
36 26 578
36 27 579
36 28 580
36 29 581
36 30 582
36 31 583
36 32 584
36 33 585
36 34 586
36 0 588
36 1 589
36 2 590
36 3 591
36 4 592
36 5 593
36 6 594
36 7 595
36 8 596
36 9 597
36 10 598
36 11 599
36 12 600
36 13 601
36 14 602
36 15 603
36 16 604
36 17 605
36 18 606
36 19 607
36 20 608
36 21 609
36 22 610
36 23 611
36 24 612
36 25 613
36 26 614
36 27 615
36 28 616
36 29 617
36 30 618
36 31 619
36 32 620
36 33 621
36 34 622
