36 0 0
36 1 1
36 2 2
36 3 3
36 4 4
36 5 5
36 6 6
36 7 7
36 8 8
36 9 9
36 10 10
36 11 11
36 12 12
36 13 13
36 14 14
36 15 15
36 16 16
36 17 17
36 18 18
36 19 19
36 20 20
36 21 21
36 22 22
36 23 23
36 24 24
36 25 25
36 26 26
36 27 27
36 28 28
36 29 29
36 30 30
36 31 31
36 32 32
36 33 33
36 34 34
36 0 36
36 1 37
36 2 38
36 3 39
36 4 40
36 5 41
36 6 42
36 7 43
36 8 44
36 9 45
36 10 46
36 11 47
36 12 48
36 13 49
36 14 50
36 15 51
36 16 52
36 17 53
36 18 54
36 19 55
36 20 56
36 21 57
36 22 58
36 23 59
36 24 60
36 25 61
36 26 62
36 27 63
36 28 64
36 29 65
36 30 66
36 31 67
36 32 68
36 33 69
36 34 70
36 0 72
36 1 73
36 2 74
36 3 75
36 4 76
36 5 77
36 6 78
36 7 79
36 8 80
36 9 81
36 10 82
36 11 83
36 12 84
36 13 85
36 14 86
36 15 87
36 16 88
36 17 89
36 18 90
36 19 91
36 20 92
36 21 93
36 22 94
36 23 95
36 24 96
36 25 97
36 26 98
36 27 99
36 28 100
36 29 101
36 30 102
36 31 103
36 32 104
36 33 105
36 34 106
36 0 108
36 1 109
36 2 110
36 3 111
36 4 112
36 5 113
36 6 114
36 7 115
36 8 116
36 9 117
36 10 118
36 11 119
36 12 120
36 13 121
36 14 122
36 15 123
36 16 124
36 17 125
36 18 126
36 19 127
36 20 128
36 21 129
36 22 130
36 23 131
36 24 132
36 25 133
36 26 134
36 27 135
36 28 136
36 29 137
36 30 138
36 31 139
36 32 140
36 33 141
36 34 142
36 0 144
36 1 145
36 2 146
36 3 147
36 4 148
36 5 149
36 6 150
36 7 151
36 8 152
36 9 153
36 10 154
36 11 155
36 12 156
36 13 157
36 14 158
36 15 159
36 16 160
36 17 161
36 18 162
36 19 163
36 20 164
36 21 165
36 22 166
36 23 167
36 24 168
36 25 169
36 26 170
36 27 171
36 28 172
36 29 173
36 30 174
36 31 175
36 32 176
36 33 177
36 34 178
36 0 180
36 1 181
36 2 182
36 3 183
36 4 184
36 5 185
36 6 186
36 7 187
36 8 188
36 9 189
36 10 190
36 11 191
36 12 192
36 13 193
36 14 194
36 15 195
36 16 196
36 17 197
36 18 198
36 19 199
36 20 200
36 21 201
36 22 202
36 23 203
36 24 204
36 25 205
36 26 206
36 27 207
36 28 208
36 29 209
36 30 210
36 31 211
36 32 212
36 33 213
36 34 214
36 0 216
36 1 217
36 2 218
36 3 219
36 4 220
36 5 221
36 6 222
36 7 223
36 8 224
36 9 225
36 10 226
36 11 227
36 12 228
36 13 229
36 14 230
36 15 231
36 16 232
36 17 233
36 18 234
36 19 235
36 20 236
36 21 237
36 22 238
36 23 239
36 24 240
36 25 241
36 26 242
36 27 243
36 28 244
36 29 245
36 30 246
36 31 247
36 32 248
36 33 249
36 34 250
36 0 252
36 1 253
36 2 254
36 3 255
36 4 256
36 5 257
36 6 258
36 7 259
36 8 260
36 9 261
36 10 262
36 11 263
36 12 264
36 13 265
36 14 266
36 15 267
36 16 268
36 17 269
36 18 270
36 19 271
36 20 272
36 21 273
36 22 274
36 23 275
36 24 276
36 25 277
36 26 278
36 27 279
36 28 280
36 29 281
36 30 282
36 31 283
36 32 284
36 33 285
36 34 286
36 0 288
36 1 289
36 2 290
36 3 291
36 4 292
36 5 293
36 6 294
36 7 295
36 8 296
36 9 297
36 10 298
36 11 299
36 12 300
36 13 301
36 14 302
36 15 303
36 16 304
36 17 305
36 18 306
36 19 307
36 20 308
36 21 309
36 22 310
36 23 311
36 24 312
36 25 313
36 26 314
36 27 315
36 28 316
36 29 317
36 30 318
36 31 319
36 32 320
36 33 321
36 34 322
36 0 324
36 1 325
36 2 326
36 3 327
36 4 328
36 5 329
36 6 330
36 7 331
36 8 332
36 9 333
36 10 334
36 11 335
36 12 336
36 13 337
36 14 338
36 15 339
36 16 340
36 17 341
36 18 342
36 19 343
36 20 344
36 21 345
36 22 346
36 23 347
36 24 348
36 25 349
36 26 350
36 27 351
36 28 352
36 29 353
36 30 354
36 31 355
36 32 356
36 33 357
36 34 358
36 0 360
36 1 361
36 2 362
36 3 363
36 4 364
36 5 365
36 6 366
36 7 367
36 8 368
36 9 369
36 10 370
36 11 371
36 12 372
36 13 373
36 14 374
36 15 375
36 16 376
36 17 377
36 18 378
36 19 379
36 20 380
36 21 381
36 22 382
36 23 383
36 24 384
36 25 385
36 26 386
36 27 387
36 28 388
36 29 389
36 30 390
36 31 391
36 32 392
36 33 393
36 34 394
36 0 396
36 1 397
36 2 398
36 3 399
36 4 400
36 5 401
36 6 402
36 7 403
36 8 404
36 9 405
36 10 406
36 11 407
36 12 408
36 13 409
36 14 410
36 15 411
36 16 412
36 17 413
36 18 414
36 19 415
36 20 416
36 21 417
36 22 418
36 23 419
36 24 420
36 25 421
36 26 422
36 27 423
36 28 424
36 29 425
36 30 426
36 31 427
36 32 428
36 33 429
36 34 430
36 0 432
36 1 433
36 2 434
36 3 435
36 4 436
36 5 437
36 6 438
36 7 439
36 8 440
36 9 441
36 10 442
36 11 443
36 12 444
36 13 445
36 14 446
36 15 447
36 16 448
36 17 449
36 18 450
36 19 451
36 20 452
36 21 453
36 22 454
36 23 455
36 24 456
36 25 457
36 26 458
36 27 459
36 28 460
36 29 461
36 30 462
36 31 463
36 32 464
36 33 465
36 34 466
36 0 468
36 1 469
36 2 470
36 3 471
36 4 472
36 5 473
36 6 474
36 7 475
36 8 476
36 9 477
36 10 478
36 11 479
36 12 480
36 13 481
36 14 482
36 15 483
36 16 484
36 17 485
36 18 486
36 19 487
36 20 488
36 21 489
36 22 490
36 23 491
36 24 492
36 25 493
36 26 494
36 27 495
36 28 496
36 29 497
36 30 498
36 31 499
36 32 500
36 33 501
36 34 502
36 0 504
36 1 505
36 2 506
36 3 507
36 4 508
36 5 509
36 6 510
36 7 511
36 8 512
36 9 513
36 10 514
36 11 515
36 12 516
36 13 517
36 14 518
36 15 519
36 16 520
36 17 521
36 18 522
36 19 523
36 20 524
36 21 525
36 22 526
36 23 527
36 24 528
36 25 529
36 26 530
36 27 531
36 28 532
36 29 533
36 30 534
36 31 535
36 32 536
36 33 537
36 34 538
36 0 540
36 1 541
36 2 542
36 3 543
36 4 544
36 5 545
36 6 546
36 7 547
36 8 548
36 9 549
36 10 550
36 11 551
36 12 552
36 13 553
36 14 554
36 15 555
36 16 556
36 17 557
36 18 558
36 19 559
36 20 560
36 21 561
36 22 562
36 23 563
36 24 564
36 25 565
36 26 566
36 27 567
36 28 568
36 29 569
36 30 570
36 31 571
36 32 572
36 33 573
36 34 574
36 0 576
36 1 577
36 2 578
36 3 579
36 4 580
36 5 581
36 6 582
36 7 583
36 8 584
36 9 585
36 10 586
36 11 587
36 12 588
36 13 589
36 14 590
36 15 591
36 16 592
36 17 593
36 18 594
36 19 595
36 20 596
36 21 597
36 22 598
36 23 599
36 24 600
36 25 601
36 26 602
36 27 603
36 28 604
36 29 605
36 30 606
36 31 607
36 32 608
36 33 609
36 34 610
36 0 612
36 1 613
36 2 614
36 3 615
36 4 616
36 5 617
36 6 618
36 7 619
36 8 620
36 9 621
36 10 622
36 11 623
36 12 624
36 13 625
36 14 626
36 15 627
36 16 628
36 17 629
36 18 630
36 19 631
36 20 632
36 21 633
36 22 634
36 23 635
36 24 636
36 25 637
36 26 638
36 27 639
36 28 640
36 29 641
36 30 642
36 31 643
36 32 644
36 33 645
36 34 646
36 0 648
36 1 649
36 2 650
36 3 651
36 4 652
36 5 653
36 6 654
36 7 655
36 8 656
36 9 657
36 10 658
36 11 659
36 12 660
36 13 661
36 14 662
36 15 663
36 16 664
36 17 665
36 18 666
36 19 667
36 20 668
36 21 669
36 22 670
36 23 671
36 24 672
36 25 673
36 26 674
36 27 675
36 28 676
36 29 677
36 30 678
36 31 679
36 32 680
36 33 681
36 34 682
36 0 684
36 1 685
36 2 686
36 3 687
36 4 688
36 5 689
36 6 690
36 7 691
36 8 692
36 9 693
36 10 694
36 11 695
36 12 696
36 13 697
36 14 698
36 15 699
36 16 700
36 17 701
36 18 702
36 19 703
36 20 704
36 21 705
36 22 706
36 23 707
36 24 708
36 25 709
36 26 710
36 27 711
36 28 712
36 29 713
36 30 714
36 31 715
36 32 716
36 33 717
36 34 718
36 0 720
36 1 721
36 2 722
36 3 723
36 4 724
36 5 725
36 6 726
36 7 727
36 8 728
36 9 729
36 10 730
36 11 731
36 12 732
36 13 733
36 14 734
36 15 735
36 16 736
36 17 737
36 18 738
36 19 739
36 20 740
36 21 741
36 22 742
36 23 743
36 24 744
36 25 745
36 26 746
36 27 747
36 28 748
36 29 749
36 30 750
36 31 751
36 32 752
36 33 753
36 34 754
36 0 756
36 1 757
36 2 758
36 3 759
36 4 760
36 5 761
36 6 762
36 7 763
36 8 764
36 9 765
36 10 766
36 11 767
36 12 768
36 13 769
36 14 770
36 15 771
36 16 772
36 17 773
36 18 774
36 19 775
36 20 776
36 21 777
36 22 778
36 23 779
36 24 780
36 25 781
36 26 782
36 27 783
36 28 784
36 29 785
36 30 786
36 31 787
36 32 788
36 33 789
36 34 790
36 0 792
36 1 793
36 2 794
36 3 795
36 4 796
36 5 797
36 6 798
36 7 799
36 8 800
36 9 801
36 10 802
36 11 803
36 12 804
36 13 805
36 14 806
36 15 807
36 16 808
36 17 809
36 18 810
36 19 811
36 20 812
36 21 813
36 22 814
36 23 815
36 24 816
36 25 817
36 26 818
36 27 819
36 28 820
36 29 821
36 30 822
36 31 823
36 32 824
36 33 825
36 34 826
36 0 828
36 1 829
36 2 830
36 3 831
36 4 832
36 5 833
36 6 834
36 7 835
36 8 836
36 9 837
36 10 838
36 11 839
36 12 840
36 13 841
36 14 842
36 15 843
36 16 844
36 17 845
36 18 846
36 19 847
36 20 848
36 21 849
36 22 850
36 23 851
36 24 852
36 25 853
36 26 854
36 27 855
36 28 856
36 29 857
36 30 858
36 31 859
36 32 860
36 33 861
36 34 862
36 0 864
36 1 865
36 2 866
36 3 867
36 4 868
36 5 869
36 6 870
36 7 871
36 8 872
36 9 873
36 10 874
36 11 875
36 12 876
36 13 877
36 14 878
36 15 879
36 16 880
36 17 881
36 18 882
36 19 883
36 20 884
36 21 885
36 22 886
36 23 887
36 24 888
36 25 889
36 26 890
36 27 891
36 28 892
36 29 893
36 30 894
36 31 895
36 32 896
36 33 897
36 34 898
36 0 900
36 1 901
36 2 902
36 3 903
36 4 904
36 5 905
36 6 906
36 7 907
36 8 908
36 9 909
36 10 910
36 11 911
36 12 912
36 13 913
36 14 914
36 15 915
36 16 916
36 17 917
36 18 918
36 19 919
36 20 920
36 21 921
36 22 922
36 23 923
36 24 924
36 25 925
36 26 926
36 27 927
36 28 928
36 29 929
36 30 930
36 31 931
36 32 932
36 33 933
36 34 934
36 0 936
36 1 937
36 2 938
36 3 939
36 4 940
36 5 941
36 6 942
36 7 943
36 8 944
36 9 945
36 10 946
36 11 947
36 12 948
36 13 949
36 14 950
36 15 951
36 16 952
36 17 953
36 18 954
36 19 955
36 20 956
36 21 957
36 22 958
36 23 959
36 24 960
36 25 961
36 26 962
36 27 963
36 28 964
36 29 965
36 30 966
36 31 967
36 32 968
36 33 969
36 34 970
36 0 972
36 1 973
36 2 974
36 3 975
36 4 976
36 5 977
36 6 978
36 7 979
36 8 980
36 9 981
36 10 982
36 11 983
36 12 984
36 13 985
36 14 986
36 15 987
36 16 988
36 17 989
36 18 990
36 19 991
36 20 992
36 21 993
36 22 994
36 23 995
36 24 996
36 25 997
36 26 998
36 27 999
36 28 1000
36 29 1001
36 30 1002
36 31 1003
36 32 1004
36 33 1005
36 34 1006
36 0 1008
36 1 1009
36 2 1010
36 3 1011
36 4 1012
36 5 1013
36 6 1014
36 7 1015
36 8 1016
36 9 1017
36 10 1018
36 11 1019
36 12 1020
36 13 1021
36 14 1022
36 15 1023
36 16 1024
36 17 1025
36 18 1026
36 19 1027
36 20 1028
36 21 1029
36 22 1030
36 23 1031
36 24 1032
36 25 1033
36 26 1034
36 27 1035
36 28 1036
36 29 1037
36 30 1038
36 31 1039
36 32 1040
36 33 1041
36 34 1042
36 0 1044
36 1 1045
36 2 1046
36 3 1047
36 4 1048
36 5 1049
36 6 1050
36 7 1051
36 8 1052
36 9 1053
36 10 1054
36 11 1055
36 12 1056
36 13 1057
36 14 1058
36 15 1059
36 16 1060
36 17 1061
36 18 1062
36 19 1063
36 20 1064
36 21 1065
36 22 1066
36 23 1067
36 24 1068
36 25 1069
36 26 1070
36 27 1071
36 28 1072
36 29 1073
36 30 1074
36 31 1075
36 32 1076
36 33 1077
36 34 1078
36 0 1080
36 1 1081
36 2 1082
36 3 1083
36 4 1084
36 5 1085
36 6 1086
36 7 1087
36 8 1088
36 9 1089
36 10 1090
36 11 1091
36 12 1092
36 13 1093
36 14 1094
36 15 1095
36 16 1096
36 17 1097
36 18 1098
36 19 1099
36 20 1100
36 21 1101
36 22 1102
36 23 1103
36 24 1104
36 25 1105
36 26 1106
36 27 1107
36 28 1108
36 29 1109
36 30 1110
36 31 1111
36 32 1112
36 33 1113
36 34 1114
36 0 1116
36 1 1117
36 2 1118
36 3 1119
36 4 1120
36 5 1121
36 6 1122
36 7 1123
36 8 1124
36 9 1125
36 10 1126
36 11 1127
36 12 1128
36 13 1129
36 14 1130
36 15 1131
36 16 1132
36 17 1133
36 18 1134
36 19 1135
36 20 1136
36 21 1137
36 22 1138
36 23 1139
36 24 1140
36 25 1141
36 26 1142
36 27 1143
36 28 1144
36 29 1145
36 30 1146
36 31 1147
36 32 1148
36 33 1149
36 34 1150
