0 1 0
1 2 0
2 3 0
3 4 0
4 5 0
5 6 0
6 7 0
7 0 0
0 1 1
1 2 1
2 3 1
3 4 1
4 5 1
5 6 1
6 7 1
7 0 1
0 1 2
1 2 2
2 3 2
3 4 2
4 5 2
5 6 2
6 7 2
7 0 2
0 1 3
1 2 3
2 3 3
3 4 3
4 5 3
5 6 3
6 7 3
7 0 3
0 1 4
1 2 4
2 3 4
3 4 4
4 5 4
5 6 4
6 7 4
7 0 4
0 1 5
1 2 5
2 3 5
3 4 5
4 5 5
5 6 5
6 7 5
7 0 5
0 1 6
1 2 6
2 3 6
3 4 6
4 5 6
5 6 6
6 7 6
7 0 6
0 1 7
1 2 7
2 3 7
3 4 7
4 5 7
5 6 7
6 7 7
7 0 7
8 9 8
9 10 8
10 11 8
11 12 8
12 13 8
13 14 8
14 15 8
15 0 8
8 9 9
9 10 9
10 11 9
11 12 9
12 13 9
13 14 9
14 15 9
15 0 9
8 9 10
9 10 10
10 11 10
11 12 10
12 13 10
13 14 10
14 15 10
15 0 10
8 9 11
9 10 11
10 11 11
11 12 11
12 13 11
13 14 11
14 15 11
15 0 11
8 9 12
9 10 12
10 11 12
11 12 12
12 13 12
13 14 12
14 15 12
15 0 12
8 9 13
9 10 13
10 11 13
11 12 13
12 13 13
13 14 13
14 15 13
15 0 13
8 9 14
9 10 14
10 11 14
11 12 14
12 13 14
13 14 14
14 15 14
15 0 14
8 9 15
9 10 15
10 11 15
11 12 15
12 13 15
13 14 15
14 15 15
15 0 15
16 17 16
17 18 16
18 19 16
19 20 16
20 21 16
21 22 16
22 23 16
23 0 16
16 17 17
17 18 17
18 19 17
19 20 17
20 21 17
21 22 17
22 23 17
23 0 17
16 17 18
17 18 18
18 19 18
19 20 18
20 21 18
21 22 18
22 23 18
23 0 18
16 17 19
17 18 19
18 19 19
19 20 19
20 21 19
21 22 19
22 23 19
23 0 19
16 17 20
17 18 20
18 19 20
19 20 20
20 21 20
21 22 20
22 23 20
23 0 20
16 17 21
17 18 21
18 19 21
19 20 21
20 21 21
21 22 21
22 23 21
23 0 21
16 17 22
17 18 22
18 19 22
19 20 22
20 21 22
21 22 22
22 23 22
23 0 22
16 17 23
17 18 23
18 19 23
19 20 23
20 21 23
21 22 23
22 23 23
23 0 23
