0 1 0
1 2 0
2 3 0
3 4 0
4 5 0
5 6 0
6 7 0
7 0 0
0 1 1
1 2 1
2 3 1
3 4 1
4 5 1
5 6 1
6 7 1
7 0 1
0 1 2
1 2 2
2 3 2
3 4 2
4 5 2
5 6 2
6 7 2
7 0 2
0 1 3
1 2 3
2 3 3
3 4 3
4 5 3
5 6 3
6 7 3
7 0 3
0 1 4
1 2 4
2 3 4
3 4 4
4 5 4
5 6 4
6 7 4
7 0 4
0 1 5
1 2 5
2 3 5
3 4 5
4 5 5
5 6 5
6 7 5
7 0 5
0 1 6
1 2 6
2 3 6
3 4 6
4 5 6
5 6 6
6 7 6
7 0 6
0 1 7
1 2 7
2 3 7
3 4 7
4 5 7
5 6 7
6 7 7
7 0 7
0 29 8
1 29 8
2 29 8
3 29 8
4 29 8
5 29 8
6 29 8
7 29 8
0 29 17
1 29 17
2 29 17
3 29 17
4 29 17
5 29 17
6 29 17
7 29 17
0 29 26
1 29 26
2 29 26
3 29 26
4 29 26
5 29 26
6 29 26
7 29 26
0 29 35
1 29 35
2 29 35
3 29 35
4 29 35
5 29 35
6 29 35
7 29 35
0 29 44
1 29 44
2 29 44
3 29 44
4 29 44
5 29 44
6 29 44
7 29 44
0 29 53
1 29 53
2 29 53
3 29 53
4 29 53
5 29 53
6 29 53
7 29 53
0 29 62
1 29 62
2 29 62
3 29 62
4 29 62
5 29 62
6 29 62
7 29 62
0 29 71
1 29 71
2 29 71
3 29 71
4 29 71
5 29 71
6 29 71
7 29 71
0 29 80
1 29 80
2 29 80
3 29 80
4 29 80
5 29 80
6 29 80
7 29 80
0 29 89
1 29 89
2 29 89
3 29 89
4 29 89
5 29 89
6 29 89
7 29 89
0 29 98
1 29 98
2 29 98
3 29 98
4 29 98
5 29 98
6 29 98
7 29 98
0 29 107
1 29 107
2 29 107
3 29 107
4 29 107
5 29 107
6 29 107
7 29 107
0 29 116
1 29 116
2 29 116
3 29 116
4 29 116
5 29 116
6 29 116
7 29 116
0 29 125
1 29 125
2 29 125
3 29 125
4 29 125
5 29 125
6 29 125
7 29 125
0 29 134
1 29 134
2 29 134
3 29 134
4 29 134
5 29 134
6 29 134
7 29 134
0 29 143
1 29 143
2 29 143
3 29 143
4 29 143
5 29 143
6 29 143
7 29 143
0 29 152
1 29 152
2 29 152
3 29 152
4 29 152
5 29 152
6 29 152
7 29 152
0 29 161
1 29 161
2 29 161
3 29 161
4 29 161
5 29 161
6 29 161
7 29 161
0 29 170
1 29 170
2 29 170
3 29 170
4 29 170
5 29 170
6 29 170
7 29 170
0 29 179
1 29 179
2 29 179
3 29 179
4 29 179
5 29 179
6 29 179
7 29 179
0 29 188
1 29 188
2 29 188
3 29 188
4 29 188
5 29 188
6 29 188
7 29 188
0 29 197
1 29 197
2 29 197
3 29 197
4 29 197
5 29 197
6 29 197
7 29 197
0 29 206
1 29 206
2 29 206
3 29 206
4 29 206
5 29 206
6 29 206
7 29 206
0 29 215
1 29 215
2 29 215
3 29 215
4 29 215
5 29 215
6 29 215
7 29 215
0 29 224
1 29 224
2 29 224
3 29 224
4 29 224
5 29 224
6 29 224
7 29 224
0 29 233
1 29 233
2 29 233
3 29 233
4 29 233
5 29 233
6 29 233
7 29 233
0 29 242
1 29 242
2 29 242
3 29 242
4 29 242
5 29 242
6 29 242
7 29 242
0 29 251
1 29 251
2 29 251
3 29 251
4 29 251
5 29 251
6 29 251
7 29 251
0 29 260
1 29 260
2 29 260
3 29 260
4 29 260
5 29 260
6 29 260
7 29 260
0 29 269
1 29 269
2 29 269
3 29 269
4 29 269
5 29 269
6 29 269
7 29 269
0 29 278
1 29 278
2 29 278
3 29 278
4 29 278
5 29 278
6 29 278
7 29 278
0 29 287
1 29 287
2 29 287
3 29 287
4 29 287
5 29 287
6 29 287
7 29 287
0 29 296
1 29 296
2 29 296
3 29 296
4 29 296
5 29 296
6 29 296
7 29 296
0 29 305
1 29 305
2 29 305
3 29 305
4 29 305
5 29 305
6 29 305
7 29 305
0 29 314
1 29 314
2 29 314
3 29 314
4 29 314
5 29 314
6 29 314
7 29 314
0 29 323
1 29 323
2 29 323
3 29 323
4 29 323
5 29 323
6 29 323
7 29 323
0 29 332
1 29 332
2 29 332
3 29 332
4 29 332
5 29 332
6 29 332
7 29 332
0 29 341
1 29 341
2 29 341
3 29 341
4 29 341
5 29 341
6 29 341
7 29 341
0 29 350
1 29 350
2 29 350
3 29 350
4 29 350
5 29 350
6 29 350
7 29 350
0 29 359
1 29 359
2 29 359
3 29 359
4 29 359
5 29 359
6 29 359
7 29 359
0 29 368
1 29 368
2 29 368
3 29 368
4 29 368
5 29 368
6 29 368
7 29 368
0 29 377
1 29 377
2 29 377
3 29 377
4 29 377
5 29 377
6 29 377
7 29 377
0 29 386
1 29 386
2 29 386
3 29 386
4 29 386
5 29 386
6 29 386
7 29 386
0 29 395
1 29 395
2 29 395
3 29 395
4 29 395
5 29 395
6 29 395
7 29 395
0 29 404
1 29 404
2 29 404
3 29 404
4 29 404
5 29 404
6 29 404
7 29 404
0 29 413
1 29 413
2 29 413
3 29 413
4 29 413
5 29 413
6 29 413
7 29 413
0 29 422
1 29 422
2 29 422
3 29 422
4 29 422
5 29 422
6 29 422
7 29 422
0 29 431
1 29 431
2 29 431
3 29 431
4 29 431
5 29 431
6 29 431
7 29 431
0 29 440
1 29 440
2 29 440
3 29 440
4 29 440
5 29 440
6 29 440
7 29 440
0 29 449
1 29 449
2 29 449
3 29 449
4 29 449
5 29 449
6 29 449
7 29 449
0 29 458
1 29 458
2 29 458
3 29 458
4 29 458
5 29 458
6 29 458
7 29 458
0 29 467
1 29 467
2 29 467
3 29 467
4 29 467
5 29 467
6 29 467
7 29 467
0 29 476
1 29 476
2 29 476
3 29 476
4 29 476
5 29 476
6 29 476
7 29 476
0 29 485
1 29 485
2 29 485
3 29 485
4 29 485
5 29 485
6 29 485
7 29 485
0 29 494
1 29 494
2 29 494
3 29 494
4 29 494
5 29 494
6 29 494
7 29 494
0 29 503
1 29 503
2 29 503
3 29 503
4 29 503
5 29 503
6 29 503
7 29 503
8 9 504
9 10 504
10 11 504
11 12 504
12 13 504
13 14 504
14 15 504
15 0 504
8 9 505
9 10 505
10 11 505
11 12 505
12 13 505
13 14 505
14 15 505
15 0 505
8 9 506
9 10 506
10 11 506
11 12 506
12 13 506
13 14 506
14 15 506
15 0 506
8 9 507
9 10 507
10 11 507
11 12 507
12 13 507
13 14 507
14 15 507
15 0 507
8 9 508
9 10 508
10 11 508
11 12 508
12 13 508
13 14 508
14 15 508
15 0 508
8 9 509
9 10 509
10 11 509
11 12 509
12 13 509
13 14 509
14 15 509
15 0 509
8 9 510
9 10 510
10 11 510
11 12 510
12 13 510
13 14 510
14 15 510
15 0 510
8 9 511
9 10 511
10 11 511
11 12 511
12 13 511
13 14 511
14 15 511
15 0 511
0 30 512
1 30 512
2 30 512
3 30 512
4 30 512
5 30 512
6 30 512
7 30 512
0 30 521
1 30 521
2 30 521
3 30 521
4 30 521
5 30 521
6 30 521
7 30 521
0 30 530
1 30 530
2 30 530
3 30 530
4 30 530
5 30 530
6 30 530
7 30 530
0 30 539
1 30 539
2 30 539
3 30 539
4 30 539
5 30 539
6 30 539
7 30 539
0 30 548
1 30 548
2 30 548
3 30 548
4 30 548
5 30 548
6 30 548
7 30 548
0 30 557
1 30 557
2 30 557
3 30 557
4 30 557
5 30 557
6 30 557
7 30 557
0 30 566
1 30 566
2 30 566
3 30 566
4 30 566
5 30 566
6 30 566
7 30 566
0 30 575
1 30 575
2 30 575
3 30 575
4 30 575
5 30 575
6 30 575
7 30 575
0 30 584
1 30 584
2 30 584
3 30 584
4 30 584
5 30 584
6 30 584
7 30 584
0 30 593
1 30 593
2 30 593
3 30 593
4 30 593
5 30 593
6 30 593
7 30 593
0 30 602
1 30 602
2 30 602
3 30 602
4 30 602
5 30 602
6 30 602
7 30 602
0 30 611
1 30 611
2 30 611
3 30 611
4 30 611
5 30 611
6 30 611
7 30 611
0 30 620
1 30 620
2 30 620
3 30 620
4 30 620
5 30 620
6 30 620
7 30 620
0 30 629
1 30 629
2 30 629
3 30 629
4 30 629
5 30 629
6 30 629
7 30 629
0 30 638
1 30 638
2 30 638
3 30 638
4 30 638
5 30 638
6 30 638
7 30 638
0 30 647
1 30 647
2 30 647
3 30 647
4 30 647
5 30 647
6 30 647
7 30 647
0 30 656
1 30 656
2 30 656
3 30 656
4 30 656
5 30 656
6 30 656
7 30 656
0 30 665
1 30 665
2 30 665
3 30 665
4 30 665
5 30 665
6 30 665
7 30 665
0 30 674
1 30 674
2 30 674
3 30 674
4 30 674
5 30 674
6 30 674
7 30 674
0 30 683
1 30 683
2 30 683
3 30 683
4 30 683
5 30 683
6 30 683
7 30 683
0 30 692
1 30 692
2 30 692
3 30 692
4 30 692
5 30 692
6 30 692
7 30 692
0 30 701
1 30 701
2 30 701
3 30 701
4 30 701
5 30 701
6 30 701
7 30 701
0 30 710
1 30 710
2 30 710
3 30 710
4 30 710
5 30 710
6 30 710
7 30 710
0 30 719
1 30 719
2 30 719
3 30 719
4 30 719
5 30 719
6 30 719
7 30 719
0 30 728
1 30 728
2 30 728
3 30 728
4 30 728
5 30 728
6 30 728
7 30 728
0 30 737
1 30 737
2 30 737
3 30 737
4 30 737
5 30 737
6 30 737
7 30 737
0 30 746
1 30 746
2 30 746
3 30 746
4 30 746
5 30 746
6 30 746
7 30 746
0 30 755
1 30 755
2 30 755
3 30 755
4 30 755
5 30 755
6 30 755
7 30 755
0 30 764
1 30 764
2 30 764
3 30 764
4 30 764
5 30 764
6 30 764
7 30 764
0 30 773
1 30 773
2 30 773
3 30 773
4 30 773
5 30 773
6 30 773
7 30 773
0 30 782
1 30 782
2 30 782
3 30 782
4 30 782
5 30 782
6 30 782
7 30 782
0 30 791
1 30 791
2 30 791
3 30 791
4 30 791
5 30 791
6 30 791
7 30 791
0 30 800
1 30 800
2 30 800
3 30 800
4 30 800
5 30 800
6 30 800
7 30 800
0 30 809
1 30 809
2 30 809
3 30 809
4 30 809
5 30 809
6 30 809
7 30 809
0 30 818
1 30 818
2 30 818
3 30 818
4 30 818
5 30 818
6 30 818
7 30 818
0 30 827
1 30 827
2 30 827
3 30 827
4 30 827
5 30 827
6 30 827
7 30 827
0 30 836
1 30 836
2 30 836
3 30 836
4 30 836
5 30 836
6 30 836
7 30 836
0 30 845
1 30 845
2 30 845
3 30 845
4 30 845
5 30 845
6 30 845
7 30 845
0 30 854
1 30 854
2 30 854
3 30 854
4 30 854
5 30 854
6 30 854
7 30 854
0 30 863
1 30 863
2 30 863
3 30 863
4 30 863
5 30 863
6 30 863
7 30 863
0 30 872
1 30 872
2 30 872
3 30 872
4 30 872
5 30 872
6 30 872
7 30 872
0 30 881
1 30 881
2 30 881
3 30 881
4 30 881
5 30 881
6 30 881
7 30 881
0 30 890
1 30 890
2 30 890
3 30 890
4 30 890
5 30 890
6 30 890
7 30 890
0 30 899
1 30 899
2 30 899
3 30 899
4 30 899
5 30 899
6 30 899
7 30 899
0 30 908
1 30 908
2 30 908
3 30 908
4 30 908
5 30 908
6 30 908
7 30 908
0 30 917
1 30 917
2 30 917
3 30 917
4 30 917
5 30 917
6 30 917
7 30 917
0 30 926
1 30 926
2 30 926
3 30 926
4 30 926
5 30 926
6 30 926
7 30 926
0 30 935
1 30 935
2 30 935
3 30 935
4 30 935
5 30 935
6 30 935
7 30 935
0 30 944
1 30 944
2 30 944
3 30 944
4 30 944
5 30 944
6 30 944
7 30 944
0 30 953
1 30 953
2 30 953
3 30 953
4 30 953
5 30 953
6 30 953
7 30 953
0 30 962
1 30 962
2 30 962
3 30 962
4 30 962
5 30 962
6 30 962
7 30 962
0 30 971
1 30 971
2 30 971
3 30 971
4 30 971
5 30 971
6 30 971
7 30 971
0 30 980
1 30 980
2 30 980
3 30 980
4 30 980
5 30 980
6 30 980
7 30 980
0 30 989
1 30 989
2 30 989
3 30 989
4 30 989
5 30 989
6 30 989
7 30 989
0 30 998
1 30 998
2 30 998
3 30 998
4 30 998
5 30 998
6 30 998
7 30 998
0 30 1007
1 30 1007
2 30 1007
3 30 1007
4 30 1007
5 30 1007
6 30 1007
7 30 1007
8 9 1008
9 10 1008
10 11 1008
11 12 1008
12 13 1008
13 14 1008
14 15 1008
15 16 1008
8 9 1009
9 10 1009
10 11 1009
11 12 1009
12 13 1009
13 14 1009
14 15 1009
15 16 1009
8 9 1010
9 10 1010
10 11 1010
11 12 1010
12 13 1010
13 14 1010
14 15 1010
15 16 1010
8 9 1011
9 10 1011
10 11 1011
11 12 1011
12 13 1011
13 14 1011
14 15 1011
15 16 1011
8 9 1012
9 10 1012
10 11 1012
11 12 1012
12 13 1012
13 14 1012
14 15 1012
15 16 1012
8 9 1013
9 10 1013
10 11 1013
11 12 1013
12 13 1013
13 14 1013
14 15 1013
15 16 1013
8 9 1014
9 10 1014
10 11 1014
11 12 1014
12 13 1014
13 14 1014
14 15 1014
15 16 1014
8 9 1015
9 10 1015
10 11 1015
11 12 1015
12 13 1015
13 14 1015
14 15 1015
15 16 1015
0 31 1016
1 31 1016
2 31 1016
3 31 1016
4 31 1016
5 31 1016
6 31 1016
7 31 1016
0 31 1025
1 31 1025
2 31 1025
3 31 1025
4 31 1025
5 31 1025
6 31 1025
7 31 1025
0 31 1034
1 31 1034
2 31 1034
3 31 1034
4 31 1034
5 31 1034
6 31 1034
7 31 1034
0 31 1043
1 31 1043
2 31 1043
3 31 1043
4 31 1043
5 31 1043
6 31 1043
7 31 1043
0 31 1052
1 31 1052
2 31 1052
3 31 1052
4 31 1052
5 31 1052
6 31 1052
7 31 1052
0 31 1061
1 31 1061
2 31 1061
3 31 1061
4 31 1061
5 31 1061
6 31 1061
7 31 1061
0 31 1070
1 31 1070
2 31 1070
3 31 1070
4 31 1070
5 31 1070
6 31 1070
7 31 1070
0 31 1079
1 31 1079
2 31 1079
3 31 1079
4 31 1079
5 31 1079
6 31 1079
7 31 1079
0 31 1088
1 31 1088
2 31 1088
3 31 1088
4 31 1088
5 31 1088
6 31 1088
7 31 1088
0 31 1097
1 31 1097
2 31 1097
3 31 1097
4 31 1097
5 31 1097
6 31 1097
7 31 1097
0 31 1106
1 31 1106
2 31 1106
3 31 1106
4 31 1106
5 31 1106
6 31 1106
7 31 1106
0 31 1115
1 31 1115
2 31 1115
3 31 1115
4 31 1115
5 31 1115
6 31 1115
7 31 1115
0 31 1124
1 31 1124
2 31 1124
3 31 1124
4 31 1124
5 31 1124
6 31 1124
7 31 1124
0 31 1133
1 31 1133
2 31 1133
3 31 1133
4 31 1133
5 31 1133
6 31 1133
7 31 1133
0 31 1142
1 31 1142
2 31 1142
3 31 1142
4 31 1142
5 31 1142
6 31 1142
7 31 1142
0 31 1151
1 31 1151
2 31 1151
3 31 1151
4 31 1151
5 31 1151
6 31 1151
7 31 1151
0 31 1160
1 31 1160
2 31 1160
3 31 1160
4 31 1160
5 31 1160
6 31 1160
7 31 1160
0 31 1169
1 31 1169
2 31 1169
3 31 1169
4 31 1169
5 31 1169
6 31 1169
7 31 1169
0 31 1178
1 31 1178
2 31 1178
3 31 1178
4 31 1178
5 31 1178
6 31 1178
7 31 1178
0 31 1187
1 31 1187
2 31 1187
3 31 1187
4 31 1187
5 31 1187
6 31 1187
7 31 1187
0 31 1196
1 31 1196
2 31 1196
3 31 1196
4 31 1196
5 31 1196
6 31 1196
7 31 1196
0 31 1205
1 31 1205
2 31 1205
3 31 1205
4 31 1205
5 31 1205
6 31 1205
7 31 1205
0 31 1214
1 31 1214
2 31 1214
3 31 1214
4 31 1214
5 31 1214
6 31 1214
7 31 1214
0 31 1223
1 31 1223
2 31 1223
3 31 1223
4 31 1223
5 31 1223
6 31 1223
7 31 1223
0 31 1232
1 31 1232
2 31 1232
3 31 1232
4 31 1232
5 31 1232
6 31 1232
7 31 1232
0 31 1241
1 31 1241
2 31 1241
3 31 1241
4 31 1241
5 31 1241
6 31 1241
7 31 1241
0 31 1250
1 31 1250
2 31 1250
3 31 1250
4 31 1250
5 31 1250
6 31 1250
7 31 1250
0 31 1259
1 31 1259
2 31 1259
3 31 1259
4 31 1259
5 31 1259
6 31 1259
7 31 1259
0 31 1268
1 31 1268
2 31 1268
3 31 1268
4 31 1268
5 31 1268
6 31 1268
7 31 1268
0 31 1277
1 31 1277
2 31 1277
3 31 1277
4 31 1277
5 31 1277
6 31 1277
7 31 1277
0 31 1286
1 31 1286
2 31 1286
3 31 1286
4 31 1286
5 31 1286
6 31 1286
7 31 1286
0 31 1295
1 31 1295
2 31 1295
3 31 1295
4 31 1295
5 31 1295
6 31 1295
7 31 1295
0 31 1304
1 31 1304
2 31 1304
3 31 1304
4 31 1304
5 31 1304
6 31 1304
7 31 1304
0 31 1313
1 31 1313
2 31 1313
3 31 1313
4 31 1313
5 31 1313
6 31 1313
7 31 1313
0 31 1322
1 31 1322
2 31 1322
3 31 1322
4 31 1322
5 31 1322
6 31 1322
7 31 1322
0 31 1331
1 31 1331
2 31 1331
3 31 1331
4 31 1331
5 31 1331
6 31 1331
7 31 1331
0 31 1340
1 31 1340
2 31 1340
3 31 1340
4 31 1340
5 31 1340
6 31 1340
7 31 1340
0 31 1349
1 31 1349
2 31 1349
3 31 1349
4 31 1349
5 31 1349
6 31 1349
7 31 1349
0 31 1358
1 31 1358
2 31 1358
3 31 1358
4 31 1358
5 31 1358
6 31 1358
7 31 1358
0 31 1367
1 31 1367
2 31 1367
3 31 1367
4 31 1367
5 31 1367
6 31 1367
7 31 1367
0 31 1376
1 31 1376
2 31 1376
3 31 1376
4 31 1376
5 31 1376
6 31 1376
7 31 1376
0 31 1385
1 31 1385
2 31 1385
3 31 1385
4 31 1385
5 31 1385
6 31 1385
7 31 1385
0 31 1394
1 31 1394
2 31 1394
3 31 1394
4 31 1394
5 31 1394
6 31 1394
7 31 1394
0 31 1403
1 31 1403
2 31 1403
3 31 1403
4 31 1403
5 31 1403
6 31 1403
7 31 1403
0 31 1412
1 31 1412
2 31 1412
3 31 1412
4 31 1412
5 31 1412
6 31 1412
7 31 1412
0 31 1421
1 31 1421
2 31 1421
3 31 1421
4 31 1421
5 31 1421
6 31 1421
7 31 1421
0 31 1430
1 31 1430
2 31 1430
3 31 1430
4 31 1430
5 31 1430
6 31 1430
7 31 1430
0 31 1439
1 31 1439
2 31 1439
3 31 1439
4 31 1439
5 31 1439
6 31 1439
7 31 1439
0 31 1448
1 31 1448
2 31 1448
3 31 1448
4 31 1448
5 31 1448
6 31 1448
7 31 1448
0 31 1457
1 31 1457
2 31 1457
3 31 1457
4 31 1457
5 31 1457
6 31 1457
7 31 1457
0 31 1466
1 31 1466
2 31 1466
3 31 1466
4 31 1466
5 31 1466
6 31 1466
7 31 1466
0 31 1475
1 31 1475
2 31 1475
3 31 1475
4 31 1475
5 31 1475
6 31 1475
7 31 1475
0 31 1484
1 31 1484
2 31 1484
3 31 1484
4 31 1484
5 31 1484
6 31 1484
7 31 1484
0 31 1493
1 31 1493
2 31 1493
3 31 1493
4 31 1493
5 31 1493
6 31 1493
7 31 1493
0 31 1502
1 31 1502
2 31 1502
3 31 1502
4 31 1502
5 31 1502
6 31 1502
7 31 1502
0 31 1511
1 31 1511
2 31 1511
3 31 1511
4 31 1511
5 31 1511
6 31 1511
7 31 1511
