0 1 0
1 2 0
2 3 0
3 4 0
4 5 0
5 6 0
6 7 0
7 0 0
8 1 0
9 2 0
10 3 0
11 4 0
12 5 0
13 6 0
14 7 0
15 0 0
0 1 1
1 2 1
2 3 1
3 4 1
4 5 1
5 6 1
6 7 1
7 0 1
8 1 1
9 2 1
10 3 1
11 4 1
12 5 1
13 6 1
14 7 1
15 0 1
0 1 2
1 2 2
2 3 2
3 4 2
4 5 2
5 6 2
6 7 2
7 0 2
8 1 2
9 2 2
10 3 2
11 4 2
12 5 2
13 6 2
14 7 2
15 0 2
0 1 3
1 2 3
2 3 3
3 4 3
4 5 3
5 6 3
6 7 3
7 0 3
8 1 3
9 2 3
10 3 3
11 4 3
12 5 3
13 6 3
14 7 3
15 0 3
0 1 4
1 2 4
2 3 4
3 4 4
4 5 4
5 6 4
6 7 4
7 0 4
8 1 4
9 2 4
10 3 4
11 4 4
12 5 4
13 6 4
14 7 4
15 0 4
0 1 5
1 2 5
2 3 5
3 4 5
4 5 5
5 6 5
6 7 5
7 0 5
8 1 5
9 2 5
10 3 5
11 4 5
12 5 5
13 6 5
14 7 5
15 0 5
0 1 6
1 2 6
2 3 6
3 4 6
4 5 6
5 6 6
6 7 6
7 0 6
8 1 6
9 2 6
10 3 6
11 4 6
12 5 6
13 6 6
14 7 6
15 0 6
0 1 7
1 2 7
2 3 7
3 4 7
4 5 7
5 6 7
6 7 7
7 0 7
8 1 7
9 2 7
10 3 7
11 4 7
12 5 7
13 6 7
14 7 7
15 0 7
0 49 8
1 49 9
2 49 10
3 49 11
4 49 12
5 49 13
6 49 14
7 49 15
8 49 16
9 49 17
10 49 18
11 49 19
12 49 20
13 49 21
14 49 22
15 49 23
0 49 24
1 49 25
2 49 26
3 49 27
4 49 28
5 49 29
6 49 30
7 49 31
8 49 32
9 49 33
10 49 34
11 49 35
12 49 36
13 49 37
14 49 38
15 49 39
0 49 40
1 49 41
2 49 42
3 49 43
4 49 44
5 49 45
6 49 46
7 49 47
8 49 48
9 49 49
10 49 50
11 49 51
12 49 52
13 49 53
14 49 54
15 49 55
0 49 56
1 49 57
2 49 58
3 49 59
4 49 60
5 49 61
6 49 62
7 49 63
8 49 64
9 49 65
10 49 66
11 49 67
12 49 68
13 49 69
14 49 70
15 49 71
0 49 72
1 49 73
2 49 74
3 49 75
4 49 76
5 49 77
6 49 78
7 49 79
8 49 80
9 49 81
10 49 82
11 49 83
12 49 84
13 49 85
14 49 86
15 49 87
0 49 88
1 49 89
2 49 90
3 49 91
4 49 92
5 49 93
6 49 94
7 49 95
8 49 96
9 49 97
10 49 98
11 49 99
12 49 100
13 49 101
14 49 102
15 49 103
0 49 104
1 49 105
2 49 106
3 49 107
4 49 108
5 49 109
6 49 110
7 49 111
8 49 112
9 49 113
10 49 114
11 49 115
12 49 116
13 49 117
14 49 118
15 49 119
0 49 120
1 49 121
2 49 122
3 49 123
4 49 124
5 49 125
6 49 126
7 49 127
8 49 128
9 49 129
10 49 130
11 49 131
12 49 132
13 49 133
14 49 134
15 49 135
0 49 136
1 49 137
2 49 138
3 49 139
4 49 140
5 49 141
6 49 142
7 49 143
8 49 144
9 49 145
10 49 146
11 49 147
12 49 148
13 49 149
14 49 150
15 49 151
0 49 152
1 49 153
2 49 154
3 49 155
4 49 156
5 49 157
6 49 158
7 49 159
8 49 160
9 49 161
10 49 162
11 49 163
12 49 164
13 49 165
14 49 166
15 49 167
0 49 168
1 49 169
2 49 170
3 49 171
4 49 172
5 49 173
6 49 174
7 49 175
8 49 176
9 49 177
10 49 178
11 49 179
12 49 180
13 49 181
14 49 182
15 49 183
0 49 184
1 49 185
2 49 186
3 49 187
4 49 188
5 49 189
6 49 190
7 49 191
8 49 192
9 49 193
10 49 194
11 49 195
12 49 196
13 49 197
14 49 198
15 49 199
0 49 200
1 49 201
2 49 202
3 49 203
4 49 204
5 49 205
6 49 206
7 49 207
8 49 208
9 49 209
10 49 210
11 49 211
12 49 212
13 49 213
14 49 214
15 49 215
0 49 216
1 49 217
2 49 218
3 49 219
4 49 220
5 49 221
6 49 222
7 49 223
8 49 224
9 49 225
10 49 226
11 49 227
12 49 228
13 49 229
14 49 230
15 49 231
0 49 232
1 49 233
2 49 234
3 49 235
4 49 236
5 49 237
6 49 238
7 49 239
8 49 240
9 49 241
10 49 242
11 49 243
12 49 244
13 49 245
14 49 246
15 49 247
0 49 248
1 49 249
2 49 250
3 49 251
4 49 252
5 49 253
6 49 254
7 49 255
8 49 256
9 49 257
10 49 258
11 49 259
12 49 260
13 49 261
14 49 262
15 49 263
0 49 264
1 49 265
2 49 266
3 49 267
4 49 268
5 49 269
6 49 270
7 49 271
8 49 272
9 49 273
10 49 274
11 49 275
12 49 276
13 49 277
14 49 278
15 49 279
0 49 280
1 49 281
2 49 282
3 49 283
4 49 284
5 49 285
6 49 286
7 49 287
8 49 288
9 49 289
10 49 290
11 49 291
12 49 292
13 49 293
14 49 294
15 49 295
0 49 296
1 49 297
2 49 298
3 49 299
4 49 300
5 49 301
6 49 302
7 49 303
8 49 304
9 49 305
10 49 306
11 49 307
12 49 308
13 49 309
14 49 310
15 49 311
0 49 312
1 49 313
2 49 314
3 49 315
4 49 316
5 49 317
6 49 318
7 49 319
8 49 320
9 49 321
10 49 322
11 49 323
12 49 324
13 49 325
14 49 326
15 49 327
0 49 328
1 49 329
2 49 330
3 49 331
4 49 332
5 49 333
6 49 334
7 49 335
8 49 336
9 49 337
10 49 338
11 49 339
12 49 340
13 49 341
14 49 342
15 49 343
0 49 344
1 49 345
2 49 346
3 49 347
4 49 348
5 49 349
6 49 350
7 49 351
8 49 352
9 49 353
10 49 354
11 49 355
12 49 356
13 49 357
14 49 358
15 49 359
0 49 360
1 49 361
2 49 362
3 49 363
4 49 364
5 49 365
6 49 366
7 49 367
8 49 368
9 49 369
10 49 370
11 49 371
12 49 372
13 49 373
14 49 374
15 49 375
0 49 376
1 49 377
2 49 378
3 49 379
4 49 380
5 49 381
6 49 382
7 49 383
8 49 384
9 49 385
10 49 386
11 49 387
12 49 388
13 49 389
14 49 390
15 49 391
0 49 392
1 49 393
2 49 394
3 49 395
4 49 396
5 49 397
6 49 398
7 49 399
8 49 400
9 49 401
10 49 402
11 49 403
12 49 404
13 49 405
14 49 406
15 49 407
0 49 408
1 49 409
2 49 410
3 49 411
4 49 412
5 49 413
6 49 414
7 49 415
8 49 416
9 49 417
10 49 418
11 49 419
12 49 420
13 49 421
14 49 422
15 49 423
0 49 424
1 49 425
2 49 426
3 49 427
4 49 428
5 49 429
6 49 430
7 49 431
8 49 432
9 49 433
10 49 434
11 49 435
12 49 436
13 49 437
14 49 438
15 49 439
0 49 440
1 49 441
2 49 442
3 49 443
4 49 444
5 49 445
6 49 446
7 49 447
8 49 448
9 49 449
10 49 450
11 49 451
12 49 452
13 49 453
14 49 454
15 49 455
0 49 456
1 49 457
2 49 458
3 49 459
4 49 460
5 49 461
6 49 462
7 49 463
8 49 464
9 49 465
10 49 466
11 49 467
12 49 468
13 49 469
14 49 470
15 49 471
0 49 472
1 49 473
2 49 474
3 49 475
4 49 476
5 49 477
6 49 478
7 49 479
8 49 480
9 49 481
10 49 482
11 49 483
12 49 484
13 49 485
14 49 486
15 49 487
0 49 488
1 49 489
2 49 490
3 49 491
4 49 492
5 49 493
6 49 494
7 49 495
8 49 496
9 49 497
10 49 498
11 49 499
12 49 500
13 49 501
14 49 502
15 49 503
0 49 504
1 49 505
2 49 506
3 49 507
4 49 508
5 49 509
6 49 510
7 49 511
8 49 512
9 49 513
10 49 514
11 49 515
12 49 516
13 49 517
14 49 518
15 49 519
0 49 520
1 49 521
2 49 522
3 49 523
4 49 524
5 49 525
6 49 526
7 49 527
8 49 528
9 49 529
10 49 530
11 49 531
12 49 532
13 49 533
14 49 534
15 49 535
0 49 536
1 49 537
2 49 538
3 49 539
4 49 540
5 49 541
6 49 542
7 49 543
8 49 544
9 49 545
10 49 546
11 49 547
12 49 548
13 49 549
14 49 550
15 49 551
0 49 552
1 49 553
2 49 554
3 49 555
4 49 556
5 49 557
6 49 558
7 49 559
8 49 560
9 49 561
10 49 562
11 49 563
12 49 564
13 49 565
14 49 566
15 49 567
0 49 568
1 49 569
2 49 570
3 49 571
4 49 572
5 49 573
6 49 574
7 49 575
8 49 576
9 49 577
10 49 578
11 49 579
12 49 580
13 49 581
14 49 582
15 49 583
0 49 584
1 49 585
2 49 586
3 49 587
4 49 588
5 49 589
6 49 590
7 49 591
8 49 592
9 49 593
10 49 594
11 49 595
12 49 596
13 49 597
14 49 598
15 49 599
0 49 600
1 49 601
2 49 602
3 49 603
4 49 604
5 49 605
6 49 606
7 49 607
8 49 608
9 49 609
10 49 610
11 49 611
12 49 612
13 49 613
14 49 614
15 49 615
0 49 616
1 49 617
2 49 618
3 49 619
4 49 620
5 49 621
6 49 622
7 49 623
8 49 624
9 49 625
10 49 626
11 49 627
12 49 628
13 49 629
14 49 630
15 49 631
0 49 632
1 49 633
2 49 634
3 49 635
4 49 636
5 49 637
6 49 638
7 49 639
8 49 640
9 49 641
10 49 642
11 49 643
12 49 644
13 49 645
14 49 646
15 49 647
0 49 648
1 49 649
2 49 650
3 49 651
4 49 652
5 49 653
6 49 654
7 49 655
8 49 656
9 49 657
10 49 658
11 49 659
12 49 660
13 49 661
14 49 662
15 49 663
0 49 664
1 49 665
2 49 666
3 49 667
4 49 668
5 49 669
6 49 670
7 49 671
8 49 672
9 49 673
10 49 674
11 49 675
12 49 676
13 49 677
14 49 678
15 49 679
0 49 680
1 49 681
2 49 682
3 49 683
4 49 684
5 49 685
6 49 686
7 49 687
8 49 688
9 49 689
10 49 690
11 49 691
12 49 692
13 49 693
14 49 694
15 49 695
0 49 696
1 49 697
2 49 698
3 49 699
4 49 700
5 49 701
6 49 702
7 49 703
8 49 704
9 49 705
10 49 706
11 49 707
12 49 708
13 49 709
14 49 710
15 49 711
0 49 712
1 49 713
2 49 714
3 49 715
4 49 716
5 49 717
6 49 718
7 49 719
8 49 720
9 49 721
10 49 722
11 49 723
12 49 724
13 49 725
14 49 726
15 49 727
0 49 728
1 49 729
2 49 730
3 49 731
4 49 732
5 49 733
6 49 734
7 49 735
8 49 736
9 49 737
10 49 738
11 49 739
12 49 740
13 49 741
14 49 742
15 49 743
0 49 744
1 49 745
2 49 746
3 49 747
4 49 748
5 49 749
6 49 750
7 49 751
8 49 752
9 49 753
10 49 754
11 49 755
12 49 756
13 49 757
14 49 758
15 49 759
0 49 760
1 49 761
2 49 762
3 49 763
4 49 764
5 49 765
6 49 766
7 49 767
8 49 768
9 49 769
10 49 770
11 49 771
12 49 772
13 49 773
14 49 774
15 49 775
0 49 776
1 49 777
2 49 778
3 49 779
4 49 780
5 49 781
6 49 782
7 49 783
8 49 784
9 49 785
10 49 786
11 49 787
12 49 788
13 49 789
14 49 790
15 49 791
0 49 792
1 49 793
2 49 794
3 49 795
4 49 796
5 49 797
6 49 798
7 49 799
8 49 800
9 49 801
10 49 802
11 49 803
12 49 804
13 49 805
14 49 806
15 49 807
0 49 808
1 49 809
2 49 810
3 49 811
4 49 812
5 49 813
6 49 814
7 49 815
8 49 816
9 49 817
10 49 818
11 49 819
12 49 820
13 49 821
14 49 822
15 49 823
0 49 824
1 49 825
2 49 826
3 49 827
4 49 828
5 49 829
6 49 830
7 49 831
8 49 832
9 49 833
10 49 834
11 49 835
12 49 836
13 49 837
14 49 838
15 49 839
0 49 840
1 49 841
2 49 842
3 49 843
4 49 844
5 49 845
6 49 846
7 49 847
8 49 848
9 49 849
10 49 850
11 49 851
12 49 852
13 49 853
14 49 854
15 49 855
0 49 856
1 49 857
2 49 858
3 49 859
4 49 860
5 49 861
6 49 862
7 49 863
8 49 864
9 49 865
10 49 866
11 49 867
12 49 868
13 49 869
14 49 870
15 49 871
0 49 872
1 49 873
2 49 874
3 49 875
4 49 876
5 49 877
6 49 878
7 49 879
8 49 880
9 49 881
10 49 882
11 49 883
12 49 884
13 49 885
14 49 886
15 49 887
0 49 888
1 49 889
2 49 890
3 49 891
4 49 892
5 49 893
6 49 894
7 49 895
8 49 896
9 49 897
10 49 898
11 49 899
12 49 900
13 49 901
14 49 902
15 49 903
16 1 904
17 2 904
18 3 904
19 4 904
20 5 904
21 6 904
22 7 904
23 8 904
24 9 904
25 10 904
26 11 904
27 12 904
28 13 904
29 14 904
30 15 904
31 0 904
16 1 905
17 2 905
18 3 905
19 4 905
20 5 905
21 6 905
22 7 905
23 8 905
24 9 905
25 10 905
26 11 905
27 12 905
28 13 905
29 14 905
30 15 905
31 0 905
16 1 906
17 2 906
18 3 906
19 4 906
20 5 906
21 6 906
22 7 906
23 8 906
24 9 906
25 10 906
26 11 906
27 12 906
28 13 906
29 14 906
30 15 906
31 0 906
16 1 907
17 2 907
18 3 907
19 4 907
20 5 907
21 6 907
22 7 907
23 8 907
24 9 907
25 10 907
26 11 907
27 12 907
28 13 907
29 14 907
30 15 907
31 0 907
16 1 908
17 2 908
18 3 908
19 4 908
20 5 908
21 6 908
22 7 908
23 8 908
24 9 908
25 10 908
26 11 908
27 12 908
28 13 908
29 14 908
30 15 908
31 0 908
16 1 909
17 2 909
18 3 909
19 4 909
20 5 909
21 6 909
22 7 909
23 8 909
24 9 909
25 10 909
26 11 909
27 12 909
28 13 909
29 14 909
30 15 909
31 0 909
16 1 910
17 2 910
18 3 910
19 4 910
20 5 910
21 6 910
22 7 910
23 8 910
24 9 910
25 10 910
26 11 910
27 12 910
28 13 910
29 14 910
30 15 910
31 0 910
16 1 911
17 2 911
18 3 911
19 4 911
20 5 911
21 6 911
22 7 911
23 8 911
24 9 911
25 10 911
26 11 911
27 12 911
28 13 911
29 14 911
30 15 911
31 0 911
0 50 912
1 50 913
2 50 914
3 50 915
4 50 916
5 50 917
6 50 918
7 50 919
8 50 920
9 50 921
10 50 922
11 50 923
12 50 924
13 50 925
14 50 926
15 50 927
0 50 928
1 50 929
2 50 930
3 50 931
4 50 932
5 50 933
6 50 934
7 50 935
8 50 936
9 50 937
10 50 938
11 50 939
12 50 940
13 50 941
14 50 942
15 50 943
0 50 944
1 50 945
2 50 946
3 50 947
4 50 948
5 50 949
6 50 950
7 50 951
8 50 952
9 50 953
10 50 954
11 50 955
12 50 956
13 50 957
14 50 958
15 50 959
0 50 960
1 50 961
2 50 962
3 50 963
4 50 964
5 50 965
6 50 966
7 50 967
8 50 968
9 50 969
10 50 970
11 50 971
12 50 972
13 50 973
14 50 974
15 50 975
0 50 976
1 50 977
2 50 978
3 50 979
4 50 980
5 50 981
6 50 982
7 50 983
8 50 984
9 50 985
10 50 986
11 50 987
12 50 988
13 50 989
14 50 990
15 50 991
0 50 992
1 50 993
2 50 994
3 50 995
4 50 996
5 50 997
6 50 998
7 50 999
8 50 1000
9 50 1001
10 50 1002
11 50 1003
12 50 1004
13 50 1005
14 50 1006
15 50 1007
0 50 1008
1 50 1009
2 50 1010
3 50 1011
4 50 1012
5 50 1013
6 50 1014
7 50 1015
8 50 1016
9 50 1017
10 50 1018
11 50 1019
12 50 1020
13 50 1021
14 50 1022
15 50 1023
0 50 1024
1 50 1025
2 50 1026
3 50 1027
4 50 1028
5 50 1029
6 50 1030
7 50 1031
8 50 1032
9 50 1033
10 50 1034
11 50 1035
12 50 1036
13 50 1037
14 50 1038
15 50 1039
0 50 1040
1 50 1041
2 50 1042
3 50 1043
4 50 1044
5 50 1045
6 50 1046
7 50 1047
8 50 1048
9 50 1049
10 50 1050
11 50 1051
12 50 1052
13 50 1053
14 50 1054
15 50 1055
0 50 1056
1 50 1057
2 50 1058
3 50 1059
4 50 1060
5 50 1061
6 50 1062
7 50 1063
8 50 1064
9 50 1065
10 50 1066
11 50 1067
12 50 1068
13 50 1069
14 50 1070
15 50 1071
0 50 1072
1 50 1073
2 50 1074
3 50 1075
4 50 1076
5 50 1077
6 50 1078
7 50 1079
8 50 1080
9 50 1081
10 50 1082
11 50 1083
12 50 1084
13 50 1085
14 50 1086
15 50 1087
0 50 1088
1 50 1089
2 50 1090
3 50 1091
4 50 1092
5 50 1093
6 50 1094
7 50 1095
8 50 1096
9 50 1097
10 50 1098
11 50 1099
12 50 1100
13 50 1101
14 50 1102
15 50 1103
0 50 1104
1 50 1105
2 50 1106
3 50 1107
4 50 1108
5 50 1109
6 50 1110
7 50 1111
8 50 1112
9 50 1113
10 50 1114
11 50 1115
12 50 1116
13 50 1117
14 50 1118
15 50 1119
0 50 1120
1 50 1121
2 50 1122
3 50 1123
4 50 1124
5 50 1125
6 50 1126
7 50 1127
8 50 1128
9 50 1129
10 50 1130
11 50 1131
12 50 1132
13 50 1133
14 50 1134
15 50 1135
0 50 1136
1 50 1137
2 50 1138
3 50 1139
4 50 1140
5 50 1141
6 50 1142
7 50 1143
8 50 1144
9 50 1145
10 50 1146
11 50 1147
12 50 1148
13 50 1149
14 50 1150
15 50 1151
0 50 1152
1 50 1153
2 50 1154
3 50 1155
4 50 1156
5 50 1157
6 50 1158
7 50 1159
8 50 1160
9 50 1161
10 50 1162
11 50 1163
12 50 1164
13 50 1165
14 50 1166
15 50 1167
0 50 1168
1 50 1169
2 50 1170
3 50 1171
4 50 1172
5 50 1173
6 50 1174
7 50 1175
8 50 1176
9 50 1177
10 50 1178
11 50 1179
12 50 1180
13 50 1181
14 50 1182
15 50 1183
0 50 1184
1 50 1185
2 50 1186
3 50 1187
4 50 1188
5 50 1189
6 50 1190
7 50 1191
8 50 1192
9 50 1193
10 50 1194
11 50 1195
12 50 1196
13 50 1197
14 50 1198
15 50 1199
0 50 1200
1 50 1201
2 50 1202
3 50 1203
4 50 1204
5 50 1205
6 50 1206
7 50 1207
8 50 1208
9 50 1209
10 50 1210
11 50 1211
12 50 1212
13 50 1213
14 50 1214
15 50 1215
0 50 1216
1 50 1217
2 50 1218
3 50 1219
4 50 1220
5 50 1221
6 50 1222
7 50 1223
8 50 1224
9 50 1225
10 50 1226
11 50 1227
12 50 1228
13 50 1229
14 50 1230
15 50 1231
0 50 1232
1 50 1233
2 50 1234
3 50 1235
4 50 1236
5 50 1237
6 50 1238
7 50 1239
8 50 1240
9 50 1241
10 50 1242
11 50 1243
12 50 1244
13 50 1245
14 50 1246
15 50 1247
0 50 1248
1 50 1249
2 50 1250
3 50 1251
4 50 1252
5 50 1253
6 50 1254
7 50 1255
8 50 1256
9 50 1257
10 50 1258
11 50 1259
12 50 1260
13 50 1261
14 50 1262
15 50 1263
0 50 1264
1 50 1265
2 50 1266
3 50 1267
4 50 1268
5 50 1269
6 50 1270
7 50 1271
8 50 1272
9 50 1273
10 50 1274
11 50 1275
12 50 1276
13 50 1277
14 50 1278
15 50 1279
0 50 1280
1 50 1281
2 50 1282
3 50 1283
4 50 1284
5 50 1285
6 50 1286
7 50 1287
8 50 1288
9 50 1289
10 50 1290
11 50 1291
12 50 1292
13 50 1293
14 50 1294
15 50 1295
0 50 1296
1 50 1297
2 50 1298
3 50 1299
4 50 1300
5 50 1301
6 50 1302
7 50 1303
8 50 1304
9 50 1305
10 50 1306
11 50 1307
12 50 1308
13 50 1309
14 50 1310
15 50 1311
0 50 1312
1 50 1313
2 50 1314
3 50 1315
4 50 1316
5 50 1317
6 50 1318
7 50 1319
8 50 1320
9 50 1321
10 50 1322
11 50 1323
12 50 1324
13 50 1325
14 50 1326
15 50 1327
0 50 1328
1 50 1329
2 50 1330
3 50 1331
4 50 1332
5 50 1333
6 50 1334
7 50 1335
8 50 1336
9 50 1337
10 50 1338
11 50 1339
12 50 1340
13 50 1341
14 50 1342
15 50 1343
0 50 1344
1 50 1345
2 50 1346
3 50 1347
4 50 1348
5 50 1349
6 50 1350
7 50 1351
8 50 1352
9 50 1353
10 50 1354
11 50 1355
12 50 1356
13 50 1357
14 50 1358
15 50 1359
0 50 1360
1 50 1361
2 50 1362
3 50 1363
4 50 1364
5 50 1365
6 50 1366
7 50 1367
8 50 1368
9 50 1369
10 50 1370
11 50 1371
12 50 1372
13 50 1373
14 50 1374
15 50 1375
0 50 1376
1 50 1377
2 50 1378
3 50 1379
4 50 1380
5 50 1381
6 50 1382
7 50 1383
8 50 1384
9 50 1385
10 50 1386
11 50 1387
12 50 1388
13 50 1389
14 50 1390
15 50 1391
0 50 1392
1 50 1393
2 50 1394
3 50 1395
4 50 1396
5 50 1397
6 50 1398
7 50 1399
8 50 1400
9 50 1401
10 50 1402
11 50 1403
12 50 1404
13 50 1405
14 50 1406
15 50 1407
0 50 1408
1 50 1409
2 50 1410
3 50 1411
4 50 1412
5 50 1413
6 50 1414
7 50 1415
8 50 1416
9 50 1417
10 50 1418
11 50 1419
12 50 1420
13 50 1421
14 50 1422
15 50 1423
0 50 1424
1 50 1425
2 50 1426
3 50 1427
4 50 1428
5 50 1429
6 50 1430
7 50 1431
8 50 1432
9 50 1433
10 50 1434
11 50 1435
12 50 1436
13 50 1437
14 50 1438
15 50 1439
0 50 1440
1 50 1441
2 50 1442
3 50 1443
4 50 1444
5 50 1445
6 50 1446
7 50 1447
8 50 1448
9 50 1449
10 50 1450
11 50 1451
12 50 1452
13 50 1453
14 50 1454
15 50 1455
0 50 1456
1 50 1457
2 50 1458
3 50 1459
4 50 1460
5 50 1461
6 50 1462
7 50 1463
8 50 1464
9 50 1465
10 50 1466
11 50 1467
12 50 1468
13 50 1469
14 50 1470
15 50 1471
0 50 1472
1 50 1473
2 50 1474
3 50 1475
4 50 1476
5 50 1477
6 50 1478
7 50 1479
8 50 1480
9 50 1481
10 50 1482
11 50 1483
12 50 1484
13 50 1485
14 50 1486
15 50 1487
0 50 1488
1 50 1489
2 50 1490
3 50 1491
4 50 1492
5 50 1493
6 50 1494
7 50 1495
8 50 1496
9 50 1497
10 50 1498
11 50 1499
12 50 1500
13 50 1501
14 50 1502
15 50 1503
0 50 1504
1 50 1505
2 50 1506
3 50 1507
4 50 1508
5 50 1509
6 50 1510
7 50 1511
8 50 1512
9 50 1513
10 50 1514
11 50 1515
12 50 1516
13 50 1517
14 50 1518
15 50 1519
0 50 1520
1 50 1521
2 50 1522
3 50 1523
4 50 1524
5 50 1525
6 50 1526
7 50 1527
8 50 1528
9 50 1529
10 50 1530
11 50 1531
12 50 1532
13 50 1533
14 50 1534
15 50 1535
0 50 1536
1 50 1537
2 50 1538
3 50 1539
4 50 1540
5 50 1541
6 50 1542
7 50 1543
8 50 1544
9 50 1545
10 50 1546
11 50 1547
12 50 1548
13 50 1549
14 50 1550
15 50 1551
0 50 1552
1 50 1553
2 50 1554
3 50 1555
4 50 1556
5 50 1557
6 50 1558
7 50 1559
8 50 1560
9 50 1561
10 50 1562
11 50 1563
12 50 1564
13 50 1565
14 50 1566
15 50 1567
0 50 1568
1 50 1569
2 50 1570
3 50 1571
4 50 1572
5 50 1573
6 50 1574
7 50 1575
8 50 1576
9 50 1577
10 50 1578
11 50 1579
12 50 1580
13 50 1581
14 50 1582
15 50 1583
0 50 1584
1 50 1585
2 50 1586
3 50 1587
4 50 1588
5 50 1589
6 50 1590
7 50 1591
8 50 1592
9 50 1593
10 50 1594
11 50 1595
12 50 1596
13 50 1597
14 50 1598
15 50 1599
0 50 1600
1 50 1601
2 50 1602
3 50 1603
4 50 1604
5 50 1605
6 50 1606
7 50 1607
8 50 1608
9 50 1609
10 50 1610
11 50 1611
12 50 1612
13 50 1613
14 50 1614
15 50 1615
0 50 1616
1 50 1617
2 50 1618
3 50 1619
4 50 1620
5 50 1621
6 50 1622
7 50 1623
8 50 1624
9 50 1625
10 50 1626
11 50 1627
12 50 1628
13 50 1629
14 50 1630
15 50 1631
0 50 1632
1 50 1633
2 50 1634
3 50 1635
4 50 1636
5 50 1637
6 50 1638
7 50 1639
8 50 1640
9 50 1641
10 50 1642
11 50 1643
12 50 1644
13 50 1645
14 50 1646
15 50 1647
0 50 1648
1 50 1649
2 50 1650
3 50 1651
4 50 1652
5 50 1653
6 50 1654
7 50 1655
8 50 1656
9 50 1657
10 50 1658
11 50 1659
12 50 1660
13 50 1661
14 50 1662
15 50 1663
0 50 1664
1 50 1665
2 50 1666
3 50 1667
4 50 1668
5 50 1669
6 50 1670
7 50 1671
8 50 1672
9 50 1673
10 50 1674
11 50 1675
12 50 1676
13 50 1677
14 50 1678
15 50 1679
0 50 1680
1 50 1681
2 50 1682
3 50 1683
4 50 1684
5 50 1685
6 50 1686
7 50 1687
8 50 1688
9 50 1689
10 50 1690
11 50 1691
12 50 1692
13 50 1693
14 50 1694
15 50 1695
0 50 1696
1 50 1697
2 50 1698
3 50 1699
4 50 1700
5 50 1701
6 50 1702
7 50 1703
8 50 1704
9 50 1705
10 50 1706
11 50 1707
12 50 1708
13 50 1709
14 50 1710
15 50 1711
0 50 1712
1 50 1713
2 50 1714
3 50 1715
4 50 1716
5 50 1717
6 50 1718
7 50 1719
8 50 1720
9 50 1721
10 50 1722
11 50 1723
12 50 1724
13 50 1725
14 50 1726
15 50 1727
0 50 1728
1 50 1729
2 50 1730
3 50 1731
4 50 1732
5 50 1733
6 50 1734
7 50 1735
8 50 1736
9 50 1737
10 50 1738
11 50 1739
12 50 1740
13 50 1741
14 50 1742
15 50 1743
0 50 1744
1 50 1745
2 50 1746
3 50 1747
4 50 1748
5 50 1749
6 50 1750
7 50 1751
8 50 1752
9 50 1753
10 50 1754
11 50 1755
12 50 1756
13 50 1757
14 50 1758
15 50 1759
0 50 1760
1 50 1761
2 50 1762
3 50 1763
4 50 1764
5 50 1765
6 50 1766
7 50 1767
8 50 1768
9 50 1769
10 50 1770
11 50 1771
12 50 1772
13 50 1773
14 50 1774
15 50 1775
0 50 1776
1 50 1777
2 50 1778
3 50 1779
4 50 1780
5 50 1781
6 50 1782
7 50 1783
8 50 1784
9 50 1785
10 50 1786
11 50 1787
12 50 1788
13 50 1789
14 50 1790
15 50 1791
0 50 1792
1 50 1793
2 50 1794
3 50 1795
4 50 1796
5 50 1797
6 50 1798
7 50 1799
8 50 1800
9 50 1801
10 50 1802
11 50 1803
12 50 1804
13 50 1805
14 50 1806
15 50 1807
32 9 1824
33 10 1824
34 11 1824
35 12 1824
36 13 1824
37 14 1824
38 15 1824
39 16 1824
40 17 1824
41 18 1824
42 19 1824
43 20 1824
44 21 1824
45 22 1824
46 23 1824
47 0 1824
32 9 1825
33 10 1825
34 11 1825
35 12 1825
36 13 1825
37 14 1825
38 15 1825
39 16 1825
40 17 1825
41 18 1825
42 19 1825
43 20 1825
44 21 1825
45 22 1825
46 23 1825
47 0 1825
32 9 1826
33 10 1826
34 11 1826
35 12 1826
36 13 1826
37 14 1826
38 15 1826
39 16 1826
40 17 1826
41 18 1826
42 19 1826
43 20 1826
44 21 1826
45 22 1826
46 23 1826
47 0 1826
32 9 1827
33 10 1827
34 11 1827
35 12 1827
36 13 1827
37 14 1827
38 15 1827
39 16 1827
40 17 1827
41 18 1827
42 19 1827
43 20 1827
44 21 1827
45 22 1827
46 23 1827
47 0 1827
32 9 1828
33 10 1828
34 11 1828
35 12 1828
36 13 1828
37 14 1828
38 15 1828
39 16 1828
40 17 1828
41 18 1828
42 19 1828
43 20 1828
44 21 1828
45 22 1828
46 23 1828
47 0 1828
32 9 1829
33 10 1829
34 11 1829
35 12 1829
36 13 1829
37 14 1829
38 15 1829
39 16 1829
40 17 1829
41 18 1829
42 19 1829
43 20 1829
44 21 1829
45 22 1829
46 23 1829
47 0 1829
32 9 1830
33 10 1830
34 11 1830
35 12 1830
36 13 1830
37 14 1830
38 15 1830
39 16 1830
40 17 1830
41 18 1830
42 19 1830
43 20 1830
44 21 1830
45 22 1830
46 23 1830
47 0 1830
32 9 1831
33 10 1831
34 11 1831
35 12 1831
36 13 1831
37 14 1831
38 15 1831
39 16 1831
40 17 1831
41 18 1831
42 19 1831
43 20 1831
44 21 1831
45 22 1831
46 23 1831
47 0 1831
0 51 1832
1 51 1833
2 51 1834
3 51 1835
4 51 1836
5 51 1837
6 51 1838
7 51 1839
8 51 1840
9 51 1841
10 51 1842
11 51 1843
12 51 1844
13 51 1845
14 51 1846
15 51 1847
0 51 1848
1 51 1849
2 51 1850
3 51 1851
4 51 1852
5 51 1853
6 51 1854
7 51 1855
8 51 1856
9 51 1857
10 51 1858
11 51 1859
12 51 1860
13 51 1861
14 51 1862
15 51 1863
0 51 1864
1 51 1865
2 51 1866
3 51 1867
4 51 1868
5 51 1869
6 51 1870
7 51 1871
8 51 1872
9 51 1873
10 51 1874
11 51 1875
12 51 1876
13 51 1877
14 51 1878
15 51 1879
0 51 1880
1 51 1881
2 51 1882
3 51 1883
4 51 1884
5 51 1885
6 51 1886
7 51 1887
8 51 1888
9 51 1889
10 51 1890
11 51 1891
12 51 1892
13 51 1893
14 51 1894
15 51 1895
0 51 1896
1 51 1897
2 51 1898
3 51 1899
4 51 1900
5 51 1901
6 51 1902
7 51 1903
8 51 1904
9 51 1905
10 51 1906
11 51 1907
12 51 1908
13 51 1909
14 51 1910
15 51 1911
0 51 1912
1 51 1913
2 51 1914
3 51 1915
4 51 1916
5 51 1917
6 51 1918
7 51 1919
8 51 1920
9 51 1921
10 51 1922
11 51 1923
12 51 1924
13 51 1925
14 51 1926
15 51 1927
0 51 1928
1 51 1929
2 51 1930
3 51 1931
4 51 1932
5 51 1933
6 51 1934
7 51 1935
8 51 1936
9 51 1937
10 51 1938
11 51 1939
12 51 1940
13 51 1941
14 51 1942
15 51 1943
0 51 1944
1 51 1945
2 51 1946
3 51 1947
4 51 1948
5 51 1949
6 51 1950
7 51 1951
8 51 1952
9 51 1953
10 51 1954
11 51 1955
12 51 1956
13 51 1957
14 51 1958
15 51 1959
0 51 1960
1 51 1961
2 51 1962
3 51 1963
4 51 1964
5 51 1965
6 51 1966
7 51 1967
8 51 1968
9 51 1969
10 51 1970
11 51 1971
12 51 1972
13 51 1973
14 51 1974
15 51 1975
0 51 1976
1 51 1977
2 51 1978
3 51 1979
4 51 1980
5 51 1981
6 51 1982
7 51 1983
8 51 1984
9 51 1985
10 51 1986
11 51 1987
12 51 1988
13 51 1989
14 51 1990
15 51 1991
0 51 1992
1 51 1993
2 51 1994
3 51 1995
4 51 1996
5 51 1997
6 51 1998
7 51 1999
8 51 2000
9 51 2001
10 51 2002
11 51 2003
12 51 2004
13 51 2005
14 51 2006
15 51 2007
0 51 2008
1 51 2009
2 51 2010
3 51 2011
4 51 2012
5 51 2013
6 51 2014
7 51 2015
8 51 2016
9 51 2017
10 51 2018
11 51 2019
12 51 2020
13 51 2021
14 51 2022
15 51 2023
0 51 2024
1 51 2025
2 51 2026
3 51 2027
4 51 2028
5 51 2029
6 51 2030
7 51 2031
8 51 2032
9 51 2033
10 51 2034
11 51 2035
12 51 2036
13 51 2037
14 51 2038
15 51 2039
0 51 2040
1 51 2041
2 51 2042
3 51 2043
4 51 2044
5 51 2045
6 51 2046
7 51 2047
8 51 2048
9 51 2049
10 51 2050
11 51 2051
12 51 2052
13 51 2053
14 51 2054
15 51 2055
0 51 2056
1 51 2057
2 51 2058
3 51 2059
4 51 2060
5 51 2061
6 51 2062
7 51 2063
8 51 2064
9 51 2065
10 51 2066
11 51 2067
12 51 2068
13 51 2069
14 51 2070
15 51 2071
0 51 2072
1 51 2073
2 51 2074
3 51 2075
4 51 2076
5 51 2077
6 51 2078
7 51 2079
8 51 2080
9 51 2081
10 51 2082
11 51 2083
12 51 2084
13 51 2085
14 51 2086
15 51 2087
0 51 2088
1 51 2089
2 51 2090
3 51 2091
4 51 2092
5 51 2093
6 51 2094
7 51 2095
8 51 2096
9 51 2097
10 51 2098
11 51 2099
12 51 2100
13 51 2101
14 51 2102
15 51 2103
0 51 2104
1 51 2105
2 51 2106
3 51 2107
4 51 2108
5 51 2109
6 51 2110
7 51 2111
8 51 2112
9 51 2113
10 51 2114
11 51 2115
12 51 2116
13 51 2117
14 51 2118
15 51 2119
0 51 2120
1 51 2121
2 51 2122
3 51 2123
4 51 2124
5 51 2125
6 51 2126
7 51 2127
8 51 2128
9 51 2129
10 51 2130
11 51 2131
12 51 2132
13 51 2133
14 51 2134
15 51 2135
0 51 2136
1 51 2137
2 51 2138
3 51 2139
4 51 2140
5 51 2141
6 51 2142
7 51 2143
8 51 2144
9 51 2145
10 51 2146
11 51 2147
12 51 2148
13 51 2149
14 51 2150
15 51 2151
0 51 2152
1 51 2153
2 51 2154
3 51 2155
4 51 2156
5 51 2157
6 51 2158
7 51 2159
8 51 2160
9 51 2161
10 51 2162
11 51 2163
12 51 2164
13 51 2165
14 51 2166
15 51 2167
0 51 2168
1 51 2169
2 51 2170
3 51 2171
4 51 2172
5 51 2173
6 51 2174
7 51 2175
8 51 2176
9 51 2177
10 51 2178
11 51 2179
12 51 2180
13 51 2181
14 51 2182
15 51 2183
0 51 2184
1 51 2185
2 51 2186
3 51 2187
4 51 2188
5 51 2189
6 51 2190
7 51 2191
8 51 2192
9 51 2193
10 51 2194
11 51 2195
12 51 2196
13 51 2197
14 51 2198
15 51 2199
0 51 2200
1 51 2201
2 51 2202
3 51 2203
4 51 2204
5 51 2205
6 51 2206
7 51 2207
8 51 2208
9 51 2209
10 51 2210
11 51 2211
12 51 2212
13 51 2213
14 51 2214
15 51 2215
0 51 2216
1 51 2217
2 51 2218
3 51 2219
4 51 2220
5 51 2221
6 51 2222
7 51 2223
8 51 2224
9 51 2225
10 51 2226
11 51 2227
12 51 2228
13 51 2229
14 51 2230
15 51 2231
0 51 2232
1 51 2233
2 51 2234
3 51 2235
4 51 2236
5 51 2237
6 51 2238
7 51 2239
8 51 2240
9 51 2241
10 51 2242
11 51 2243
12 51 2244
13 51 2245
14 51 2246
15 51 2247
0 51 2248
1 51 2249
2 51 2250
3 51 2251
4 51 2252
5 51 2253
6 51 2254
7 51 2255
8 51 2256
9 51 2257
10 51 2258
11 51 2259
12 51 2260
13 51 2261
14 51 2262
15 51 2263
0 51 2264
1 51 2265
2 51 2266
3 51 2267
4 51 2268
5 51 2269
6 51 2270
7 51 2271
8 51 2272
9 51 2273
10 51 2274
11 51 2275
12 51 2276
13 51 2277
14 51 2278
15 51 2279
0 51 2280
1 51 2281
2 51 2282
3 51 2283
4 51 2284
5 51 2285
6 51 2286
7 51 2287
8 51 2288
9 51 2289
10 51 2290
11 51 2291
12 51 2292
13 51 2293
14 51 2294
15 51 2295
0 51 2296
1 51 2297
2 51 2298
3 51 2299
4 51 2300
5 51 2301
6 51 2302
7 51 2303
8 51 2304
9 51 2305
10 51 2306
11 51 2307
12 51 2308
13 51 2309
14 51 2310
15 51 2311
0 51 2312
1 51 2313
2 51 2314
3 51 2315
4 51 2316
5 51 2317
6 51 2318
7 51 2319
8 51 2320
9 51 2321
10 51 2322
11 51 2323
12 51 2324
13 51 2325
14 51 2326
15 51 2327
0 51 2328
1 51 2329
2 51 2330
3 51 2331
4 51 2332
5 51 2333
6 51 2334
7 51 2335
8 51 2336
9 51 2337
10 51 2338
11 51 2339
12 51 2340
13 51 2341
14 51 2342
15 51 2343
0 51 2344
1 51 2345
2 51 2346
3 51 2347
4 51 2348
5 51 2349
6 51 2350
7 51 2351
8 51 2352
9 51 2353
10 51 2354
11 51 2355
12 51 2356
13 51 2357
14 51 2358
15 51 2359
0 51 2360
1 51 2361
2 51 2362
3 51 2363
4 51 2364
5 51 2365
6 51 2366
7 51 2367
8 51 2368
9 51 2369
10 51 2370
11 51 2371
12 51 2372
13 51 2373
14 51 2374
15 51 2375
0 51 2376
1 51 2377
2 51 2378
3 51 2379
4 51 2380
5 51 2381
6 51 2382
7 51 2383
8 51 2384
9 51 2385
10 51 2386
11 51 2387
12 51 2388
13 51 2389
14 51 2390
15 51 2391
0 51 2392
1 51 2393
2 51 2394
3 51 2395
4 51 2396
5 51 2397
6 51 2398
7 51 2399
8 51 2400
9 51 2401
10 51 2402
11 51 2403
12 51 2404
13 51 2405
14 51 2406
15 51 2407
0 51 2408
1 51 2409
2 51 2410
3 51 2411
4 51 2412
5 51 2413
6 51 2414
7 51 2415
8 51 2416
9 51 2417
10 51 2418
11 51 2419
12 51 2420
13 51 2421
14 51 2422
15 51 2423
0 51 2424
1 51 2425
2 51 2426
3 51 2427
4 51 2428
5 51 2429
6 51 2430
7 51 2431
8 51 2432
9 51 2433
10 51 2434
11 51 2435
12 51 2436
13 51 2437
14 51 2438
15 51 2439
0 51 2440
1 51 2441
2 51 2442
3 51 2443
4 51 2444
5 51 2445
6 51 2446
7 51 2447
8 51 2448
9 51 2449
10 51 2450
11 51 2451
12 51 2452
13 51 2453
14 51 2454
15 51 2455
0 51 2456
1 51 2457
2 51 2458
3 51 2459
4 51 2460
5 51 2461
6 51 2462
7 51 2463
8 51 2464
9 51 2465
10 51 2466
11 51 2467
12 51 2468
13 51 2469
14 51 2470
15 51 2471
0 51 2472
1 51 2473
2 51 2474
3 51 2475
4 51 2476
5 51 2477
6 51 2478
7 51 2479
8 51 2480
9 51 2481
10 51 2482
11 51 2483
12 51 2484
13 51 2485
14 51 2486
15 51 2487
0 51 2488
1 51 2489
2 51 2490
3 51 2491
4 51 2492
5 51 2493
6 51 2494
7 51 2495
8 51 2496
9 51 2497
10 51 2498
11 51 2499
12 51 2500
13 51 2501
14 51 2502
15 51 2503
0 51 2504
1 51 2505
2 51 2506
3 51 2507
4 51 2508
5 51 2509
6 51 2510
7 51 2511
8 51 2512
9 51 2513
10 51 2514
11 51 2515
12 51 2516
13 51 2517
14 51 2518
15 51 2519
0 51 2520
1 51 2521
2 51 2522
3 51 2523
4 51 2524
5 51 2525
6 51 2526
7 51 2527
8 51 2528
9 51 2529
10 51 2530
11 51 2531
12 51 2532
13 51 2533
14 51 2534
15 51 2535
0 51 2536
1 51 2537
2 51 2538
3 51 2539
4 51 2540
5 51 2541
6 51 2542
7 51 2543
8 51 2544
9 51 2545
10 51 2546
11 51 2547
12 51 2548
13 51 2549
14 51 2550
15 51 2551
0 51 2552
1 51 2553
2 51 2554
3 51 2555
4 51 2556
5 51 2557
6 51 2558
7 51 2559
8 51 2560
9 51 2561
10 51 2562
11 51 2563
12 51 2564
13 51 2565
14 51 2566
15 51 2567
0 51 2568
1 51 2569
2 51 2570
3 51 2571
4 51 2572
5 51 2573
6 51 2574
7 51 2575
8 51 2576
9 51 2577
10 51 2578
11 51 2579
12 51 2580
13 51 2581
14 51 2582
15 51 2583
0 51 2584
1 51 2585
2 51 2586
3 51 2587
4 51 2588
5 51 2589
6 51 2590
7 51 2591
8 51 2592
9 51 2593
10 51 2594
11 51 2595
12 51 2596
13 51 2597
14 51 2598
15 51 2599
0 51 2600
1 51 2601
2 51 2602
3 51 2603
4 51 2604
5 51 2605
6 51 2606
7 51 2607
8 51 2608
9 51 2609
10 51 2610
11 51 2611
12 51 2612
13 51 2613
14 51 2614
15 51 2615
0 51 2616
1 51 2617
2 51 2618
3 51 2619
4 51 2620
5 51 2621
6 51 2622
7 51 2623
8 51 2624
9 51 2625
10 51 2626
11 51 2627
12 51 2628
13 51 2629
14 51 2630
15 51 2631
0 51 2632
1 51 2633
2 51 2634
3 51 2635
4 51 2636
5 51 2637
6 51 2638
7 51 2639
8 51 2640
9 51 2641
10 51 2642
11 51 2643
12 51 2644
13 51 2645
14 51 2646
15 51 2647
0 51 2648
1 51 2649
2 51 2650
3 51 2651
4 51 2652
5 51 2653
6 51 2654
7 51 2655
8 51 2656
9 51 2657
10 51 2658
11 51 2659
12 51 2660
13 51 2661
14 51 2662
15 51 2663
0 51 2664
1 51 2665
2 51 2666
3 51 2667
4 51 2668
5 51 2669
6 51 2670
7 51 2671
8 51 2672
9 51 2673
10 51 2674
11 51 2675
12 51 2676
13 51 2677
14 51 2678
15 51 2679
0 51 2680
1 51 2681
2 51 2682
3 51 2683
4 51 2684
5 51 2685
6 51 2686
7 51 2687
8 51 2688
9 51 2689
10 51 2690
11 51 2691
12 51 2692
13 51 2693
14 51 2694
15 51 2695
0 51 2696
1 51 2697
2 51 2698
3 51 2699
4 51 2700
5 51 2701
6 51 2702
7 51 2703
8 51 2704
9 51 2705
10 51 2706
11 51 2707
12 51 2708
13 51 2709
14 51 2710
15 51 2711
0 51 2712
1 51 2713
2 51 2714
3 51 2715
4 51 2716
5 51 2717
6 51 2718
7 51 2719
8 51 2720
9 51 2721
10 51 2722
11 51 2723
12 51 2724
13 51 2725
14 51 2726
15 51 2727
