0 1 0
1 2 0
2 3 0
3 4 0
4 5 0
5 6 0
6 7 0
7 8 0
8 9 0
9 10 0
10 11 0
11 12 0
12 13 0
13 14 0
14 15 0
15 0 0
16 1 0
17 2 0
18 3 0
19 4 0
20 5 0
21 6 0
22 7 0
23 8 0
24 9 0
25 10 0
26 11 0
27 12 0
28 13 0
29 14 0
30 15 0
31 0 0
0 1 1
1 2 1
2 3 1
3 4 1
4 5 1
5 6 1
6 7 1
7 8 1
8 9 1
9 10 1
10 11 1
11 12 1
12 13 1
13 14 1
14 15 1
15 0 1
16 1 1
17 2 1
18 3 1
19 4 1
20 5 1
21 6 1
22 7 1
23 8 1
24 9 1
25 10 1
26 11 1
27 12 1
28 13 1
29 14 1
30 15 1
31 0 1
0 1 2
1 2 2
2 3 2
3 4 2
4 5 2
5 6 2
6 7 2
7 8 2
8 9 2
9 10 2
10 11 2
11 12 2
12 13 2
13 14 2
14 15 2
15 0 2
16 1 2
17 2 2
18 3 2
19 4 2
20 5 2
21 6 2
22 7 2
23 8 2
24 9 2
25 10 2
26 11 2
27 12 2
28 13 2
29 14 2
30 15 2
31 0 2
0 1 3
1 2 3
2 3 3
3 4 3
4 5 3
5 6 3
6 7 3
7 8 3
8 9 3
9 10 3
10 11 3
11 12 3
12 13 3
13 14 3
14 15 3
15 0 3
16 1 3
17 2 3
18 3 3
19 4 3
20 5 3
21 6 3
22 7 3
23 8 3
24 9 3
25 10 3
26 11 3
27 12 3
28 13 3
29 14 3
30 15 3
31 0 3
0 1 4
1 2 4
2 3 4
3 4 4
4 5 4
5 6 4
6 7 4
7 8 4
8 9 4
9 10 4
10 11 4
11 12 4
12 13 4
13 14 4
14 15 4
15 0 4
16 1 4
17 2 4
18 3 4
19 4 4
20 5 4
21 6 4
22 7 4
23 8 4
24 9 4
25 10 4
26 11 4
27 12 4
28 13 4
29 14 4
30 15 4
31 0 4
0 1 5
1 2 5
2 3 5
3 4 5
4 5 5
5 6 5
6 7 5
7 8 5
8 9 5
9 10 5
10 11 5
11 12 5
12 13 5
13 14 5
14 15 5
15 0 5
16 1 5
17 2 5
18 3 5
19 4 5
20 5 5
21 6 5
22 7 5
23 8 5
24 9 5
25 10 5
26 11 5
27 12 5
28 13 5
29 14 5
30 15 5
31 0 5
0 1 6
1 2 6
2 3 6
3 4 6
4 5 6
5 6 6
6 7 6
7 8 6
8 9 6
9 10 6
10 11 6
11 12 6
12 13 6
13 14 6
14 15 6
15 0 6
16 1 6
17 2 6
18 3 6
19 4 6
20 5 6
21 6 6
22 7 6
23 8 6
24 9 6
25 10 6
26 11 6
27 12 6
28 13 6
29 14 6
30 15 6
31 0 6
0 1 7
1 2 7
2 3 7
3 4 7
4 5 7
5 6 7
6 7 7
7 8 7
8 9 7
9 10 7
10 11 7
11 12 7
12 13 7
13 14 7
14 15 7
15 0 7
16 1 7
17 2 7
18 3 7
19 4 7
20 5 7
21 6 7
22 7 7
23 8 7
24 9 7
25 10 7
26 11 7
27 12 7
28 13 7
29 14 7
30 15 7
31 0 7
0 1 8
1 2 8
2 3 8
3 4 8
4 5 8
5 6 8
6 7 8
7 8 8
8 9 8
9 10 8
10 11 8
11 12 8
12 13 8
13 14 8
14 15 8
15 0 8
16 1 8
17 2 8
18 3 8
19 4 8
20 5 8
21 6 8
22 7 8
23 8 8
24 9 8
25 10 8
26 11 8
27 12 8
28 13 8
29 14 8
30 15 8
31 0 8
0 1 9
1 2 9
2 3 9
3 4 9
4 5 9
5 6 9
6 7 9
7 8 9
8 9 9
9 10 9
10 11 9
11 12 9
12 13 9
13 14 9
14 15 9
15 0 9
16 1 9
17 2 9
18 3 9
19 4 9
20 5 9
21 6 9
22 7 9
23 8 9
24 9 9
25 10 9
26 11 9
27 12 9
28 13 9
29 14 9
30 15 9
31 0 9
0 1 10
1 2 10
2 3 10
3 4 10
4 5 10
5 6 10
6 7 10
7 8 10
8 9 10
9 10 10
10 11 10
11 12 10
12 13 10
13 14 10
14 15 10
15 0 10
16 1 10
17 2 10
18 3 10
19 4 10
20 5 10
21 6 10
22 7 10
23 8 10
24 9 10
25 10 10
26 11 10
27 12 10
28 13 10
29 14 10
30 15 10
31 0 10
0 1 11
1 2 11
2 3 11
3 4 11
4 5 11
5 6 11
6 7 11
7 8 11
8 9 11
9 10 11
10 11 11
11 12 11
12 13 11
13 14 11
14 15 11
15 0 11
16 1 11
17 2 11
18 3 11
19 4 11
20 5 11
21 6 11
22 7 11
23 8 11
24 9 11
25 10 11
26 11 11
27 12 11
28 13 11
29 14 11
30 15 11
31 0 11
0 1 12
1 2 12
2 3 12
3 4 12
4 5 12
5 6 12
6 7 12
7 8 12
8 9 12
9 10 12
10 11 12
11 12 12
12 13 12
13 14 12
14 15 12
15 0 12
16 1 12
17 2 12
18 3 12
19 4 12
20 5 12
21 6 12
22 7 12
23 8 12
24 9 12
25 10 12
26 11 12
27 12 12
28 13 12
29 14 12
30 15 12
31 0 12
0 1 13
1 2 13
2 3 13
3 4 13
4 5 13
5 6 13
6 7 13
7 8 13
8 9 13
9 10 13
10 11 13
11 12 13
12 13 13
13 14 13
14 15 13
15 0 13
16 1 13
17 2 13
18 3 13
19 4 13
20 5 13
21 6 13
22 7 13
23 8 13
24 9 13
25 10 13
26 11 13
27 12 13
28 13 13
29 14 13
30 15 13
31 0 13
0 1 14
1 2 14
2 3 14
3 4 14
4 5 14
5 6 14
6 7 14
7 8 14
8 9 14
9 10 14
10 11 14
11 12 14
12 13 14
13 14 14
14 15 14
15 0 14
16 1 14
17 2 14
18 3 14
19 4 14
20 5 14
21 6 14
22 7 14
23 8 14
24 9 14
25 10 14
26 11 14
27 12 14
28 13 14
29 14 14
30 15 14
31 0 14
0 1 15
1 2 15
2 3 15
3 4 15
4 5 15
5 6 15
6 7 15
7 8 15
8 9 15
9 10 15
10 11 15
11 12 15
12 13 15
13 14 15
14 15 15
15 0 15
16 1 15
17 2 15
18 3 15
19 4 15
20 5 15
21 6 15
22 7 15
23 8 15
24 9 15
25 10 15
26 11 15
27 12 15
28 13 15
29 14 15
30 15 15
31 0 15
0 1 16
1 2 16
2 3 16
3 4 16
4 5 16
5 6 16
6 7 16
7 8 16
8 9 16
9 10 16
10 11 16
11 12 16
12 13 16
13 14 16
14 15 16
15 0 16
16 1 16
17 2 16
18 3 16
19 4 16
20 5 16
21 6 16
22 7 16
23 8 16
24 9 16
25 10 16
26 11 16
27 12 16
28 13 16
29 14 16
30 15 16
31 0 16
0 1 17
1 2 17
2 3 17
3 4 17
4 5 17
5 6 17
6 7 17
7 8 17
8 9 17
9 10 17
10 11 17
11 12 17
12 13 17
13 14 17
14 15 17
15 0 17
16 1 17
17 2 17
18 3 17
19 4 17
20 5 17
21 6 17
22 7 17
23 8 17
24 9 17
25 10 17
26 11 17
27 12 17
28 13 17
29 14 17
30 15 17
31 0 17
0 1 18
1 2 18
2 3 18
3 4 18
4 5 18
5 6 18
6 7 18
7 8 18
8 9 18
9 10 18
10 11 18
11 12 18
12 13 18
13 14 18
14 15 18
15 0 18
16 1 18
17 2 18
18 3 18
19 4 18
20 5 18
21 6 18
22 7 18
23 8 18
24 9 18
25 10 18
26 11 18
27 12 18
28 13 18
29 14 18
30 15 18
31 0 18
0 1 19
1 2 19
2 3 19
3 4 19
4 5 19
5 6 19
6 7 19
7 8 19
8 9 19
9 10 19
10 11 19
11 12 19
12 13 19
13 14 19
14 15 19
15 0 19
16 1 19
17 2 19
18 3 19
19 4 19
20 5 19
21 6 19
22 7 19
23 8 19
24 9 19
25 10 19
26 11 19
27 12 19
28 13 19
29 14 19
30 15 19
31 0 19
0 1 20
1 2 20
2 3 20
3 4 20
4 5 20
5 6 20
6 7 20
7 8 20
8 9 20
9 10 20
10 11 20
11 12 20
12 13 20
13 14 20
14 15 20
15 0 20
16 1 20
17 2 20
18 3 20
19 4 20
20 5 20
21 6 20
22 7 20
23 8 20
24 9 20
25 10 20
26 11 20
27 12 20
28 13 20
29 14 20
30 15 20
31 0 20
0 1 21
1 2 21
2 3 21
3 4 21
4 5 21
5 6 21
6 7 21
7 8 21
8 9 21
9 10 21
10 11 21
11 12 21
12 13 21
13 14 21
14 15 21
15 0 21
16 1 21
17 2 21
18 3 21
19 4 21
20 5 21
21 6 21
22 7 21
23 8 21
24 9 21
25 10 21
26 11 21
27 12 21
28 13 21
29 14 21
30 15 21
31 0 21
0 1 22
1 2 22
2 3 22
3 4 22
4 5 22
5 6 22
6 7 22
7 8 22
8 9 22
9 10 22
10 11 22
11 12 22
12 13 22
13 14 22
14 15 22
15 0 22
16 1 22
17 2 22
18 3 22
19 4 22
20 5 22
21 6 22
22 7 22
23 8 22
24 9 22
25 10 22
26 11 22
27 12 22
28 13 22
29 14 22
30 15 22
31 0 22
0 1 23
1 2 23
2 3 23
3 4 23
4 5 23
5 6 23
6 7 23
7 8 23
8 9 23
9 10 23
10 11 23
11 12 23
12 13 23
13 14 23
14 15 23
15 0 23
16 1 23
17 2 23
18 3 23
19 4 23
20 5 23
21 6 23
22 7 23
23 8 23
24 9 23
25 10 23
26 11 23
27 12 23
28 13 23
29 14 23
30 15 23
31 0 23
0 1 24
1 2 24
2 3 24
3 4 24
4 5 24
5 6 24
6 7 24
7 8 24
8 9 24
9 10 24
10 11 24
11 12 24
12 13 24
13 14 24
14 15 24
15 0 24
16 1 24
17 2 24
18 3 24
19 4 24
20 5 24
21 6 24
22 7 24
23 8 24
24 9 24
25 10 24
26 11 24
27 12 24
28 13 24
29 14 24
30 15 24
31 0 24
0 1 25
1 2 25
2 3 25
3 4 25
4 5 25
5 6 25
6 7 25
7 8 25
8 9 25
9 10 25
10 11 25
11 12 25
12 13 25
13 14 25
14 15 25
15 0 25
16 1 25
17 2 25
18 3 25
19 4 25
20 5 25
21 6 25
22 7 25
23 8 25
24 9 25
25 10 25
26 11 25
27 12 25
28 13 25
29 14 25
30 15 25
31 0 25
0 1 26
1 2 26
2 3 26
3 4 26
4 5 26
5 6 26
6 7 26
7 8 26
8 9 26
9 10 26
10 11 26
11 12 26
12 13 26
13 14 26
14 15 26
15 0 26
16 1 26
17 2 26
18 3 26
19 4 26
20 5 26
21 6 26
22 7 26
23 8 26
24 9 26
25 10 26
26 11 26
27 12 26
28 13 26
29 14 26
30 15 26
31 0 26
0 1 27
1 2 27
2 3 27
3 4 27
4 5 27
5 6 27
6 7 27
7 8 27
8 9 27
9 10 27
10 11 27
11 12 27
12 13 27
13 14 27
14 15 27
15 0 27
16 1 27
17 2 27
18 3 27
19 4 27
20 5 27
21 6 27
22 7 27
23 8 27
24 9 27
25 10 27
26 11 27
27 12 27
28 13 27
29 14 27
30 15 27
31 0 27
0 1 28
1 2 28
2 3 28
3 4 28
4 5 28
5 6 28
6 7 28
7 8 28
8 9 28
9 10 28
10 11 28
11 12 28
12 13 28
13 14 28
14 15 28
15 0 28
16 1 28
17 2 28
18 3 28
19 4 28
20 5 28
21 6 28
22 7 28
23 8 28
24 9 28
25 10 28
26 11 28
27 12 28
28 13 28
29 14 28
30 15 28
31 0 28
0 1 29
1 2 29
2 3 29
3 4 29
4 5 29
5 6 29
6 7 29
7 8 29
8 9 29
9 10 29
10 11 29
11 12 29
12 13 29
13 14 29
14 15 29
15 0 29
16 1 29
17 2 29
18 3 29
19 4 29
20 5 29
21 6 29
22 7 29
23 8 29
24 9 29
25 10 29
26 11 29
27 12 29
28 13 29
29 14 29
30 15 29
31 0 29
0 1 30
1 2 30
2 3 30
3 4 30
4 5 30
5 6 30
6 7 30
7 8 30
8 9 30
9 10 30
10 11 30
11 12 30
12 13 30
13 14 30
14 15 30
15 0 30
16 1 30
17 2 30
18 3 30
19 4 30
20 5 30
21 6 30
22 7 30
23 8 30
24 9 30
25 10 30
26 11 30
27 12 30
28 13 30
29 14 30
30 15 30
31 0 30
0 1 31
1 2 31
2 3 31
3 4 31
4 5 31
5 6 31
6 7 31
7 8 31
8 9 31
9 10 31
10 11 31
11 12 31
12 13 31
13 14 31
14 15 31
15 0 31
16 1 31
17 2 31
18 3 31
19 4 31
20 5 31
21 6 31
22 7 31
23 8 31
24 9 31
25 10 31
26 11 31
27 12 31
28 13 31
29 14 31
30 15 31
31 0 31
32 1 32
33 2 32
34 3 32
35 4 32
36 5 32
37 6 32
38 7 32
39 8 32
40 9 32
41 10 32
42 11 32
43 12 32
44 13 32
45 14 32
46 15 32
47 16 32
48 17 32
49 18 32
50 19 32
51 20 32
52 21 32
53 22 32
54 23 32
55 24 32
56 25 32
57 26 32
58 27 32
59 28 32
60 29 32
61 30 32
62 31 32
63 0 32
32 1 33
33 2 33
34 3 33
35 4 33
36 5 33
37 6 33
38 7 33
39 8 33
40 9 33
41 10 33
42 11 33
43 12 33
44 13 33
45 14 33
46 15 33
47 16 33
48 17 33
49 18 33
50 19 33
51 20 33
52 21 33
53 22 33
54 23 33
55 24 33
56 25 33
57 26 33
58 27 33
59 28 33
60 29 33
61 30 33
62 31 33
63 0 33
32 1 34
33 2 34
34 3 34
35 4 34
36 5 34
37 6 34
38 7 34
39 8 34
40 9 34
41 10 34
42 11 34
43 12 34
44 13 34
45 14 34
46 15 34
47 16 34
48 17 34
49 18 34
50 19 34
51 20 34
52 21 34
53 22 34
54 23 34
55 24 34
56 25 34
57 26 34
58 27 34
59 28 34
60 29 34
61 30 34
62 31 34
63 0 34
32 1 35
33 2 35
34 3 35
35 4 35
36 5 35
37 6 35
38 7 35
39 8 35
40 9 35
41 10 35
42 11 35
43 12 35
44 13 35
45 14 35
46 15 35
47 16 35
48 17 35
49 18 35
50 19 35
51 20 35
52 21 35
53 22 35
54 23 35
55 24 35
56 25 35
57 26 35
58 27 35
59 28 35
60 29 35
61 30 35
62 31 35
63 0 35
32 1 36
33 2 36
34 3 36
35 4 36
36 5 36
37 6 36
38 7 36
39 8 36
40 9 36
41 10 36
42 11 36
43 12 36
44 13 36
45 14 36
46 15 36
47 16 36
48 17 36
49 18 36
50 19 36
51 20 36
52 21 36
53 22 36
54 23 36
55 24 36
56 25 36
57 26 36
58 27 36
59 28 36
60 29 36
61 30 36
62 31 36
63 0 36
32 1 37
33 2 37
34 3 37
35 4 37
36 5 37
37 6 37
38 7 37
39 8 37
40 9 37
41 10 37
42 11 37
43 12 37
44 13 37
45 14 37
46 15 37
47 16 37
48 17 37
49 18 37
50 19 37
51 20 37
52 21 37
53 22 37
54 23 37
55 24 37
56 25 37
57 26 37
58 27 37
59 28 37
60 29 37
61 30 37
62 31 37
63 0 37
32 1 38
33 2 38
34 3 38
35 4 38
36 5 38
37 6 38
38 7 38
39 8 38
40 9 38
41 10 38
42 11 38
43 12 38
44 13 38
45 14 38
46 15 38
47 16 38
48 17 38
49 18 38
50 19 38
51 20 38
52 21 38
53 22 38
54 23 38
55 24 38
56 25 38
57 26 38
58 27 38
59 28 38
60 29 38
61 30 38
62 31 38
63 0 38
32 1 39
33 2 39
34 3 39
35 4 39
36 5 39
37 6 39
38 7 39
39 8 39
40 9 39
41 10 39
42 11 39
43 12 39
44 13 39
45 14 39
46 15 39
47 16 39
48 17 39
49 18 39
50 19 39
51 20 39
52 21 39
53 22 39
54 23 39
55 24 39
56 25 39
57 26 39
58 27 39
59 28 39
60 29 39
61 30 39
62 31 39
63 0 39
32 1 40
33 2 40
34 3 40
35 4 40
36 5 40
37 6 40
38 7 40
39 8 40
40 9 40
41 10 40
42 11 40
43 12 40
44 13 40
45 14 40
46 15 40
47 16 40
48 17 40
49 18 40
50 19 40
51 20 40
52 21 40
53 22 40
54 23 40
55 24 40
56 25 40
57 26 40
58 27 40
59 28 40
60 29 40
61 30 40
62 31 40
63 0 40
32 1 41
33 2 41
34 3 41
35 4 41
36 5 41
37 6 41
38 7 41
39 8 41
40 9 41
41 10 41
42 11 41
43 12 41
44 13 41
45 14 41
46 15 41
47 16 41
48 17 41
49 18 41
50 19 41
51 20 41
52 21 41
53 22 41
54 23 41
55 24 41
56 25 41
57 26 41
58 27 41
59 28 41
60 29 41
61 30 41
62 31 41
63 0 41
32 1 42
33 2 42
34 3 42
35 4 42
36 5 42
37 6 42
38 7 42
39 8 42
40 9 42
41 10 42
42 11 42
43 12 42
44 13 42
45 14 42
46 15 42
47 16 42
48 17 42
49 18 42
50 19 42
51 20 42
52 21 42
53 22 42
54 23 42
55 24 42
56 25 42
57 26 42
58 27 42
59 28 42
60 29 42
61 30 42
62 31 42
63 0 42
32 1 43
33 2 43
34 3 43
35 4 43
36 5 43
37 6 43
38 7 43
39 8 43
40 9 43
41 10 43
42 11 43
43 12 43
44 13 43
45 14 43
46 15 43
47 16 43
48 17 43
49 18 43
50 19 43
51 20 43
52 21 43
53 22 43
54 23 43
55 24 43
56 25 43
57 26 43
58 27 43
59 28 43
60 29 43
61 30 43
62 31 43
63 0 43
32 1 44
33 2 44
34 3 44
35 4 44
36 5 44
37 6 44
38 7 44
39 8 44
40 9 44
41 10 44
42 11 44
43 12 44
44 13 44
45 14 44
46 15 44
47 16 44
48 17 44
49 18 44
50 19 44
51 20 44
52 21 44
53 22 44
54 23 44
55 24 44
56 25 44
57 26 44
58 27 44
59 28 44
60 29 44
61 30 44
62 31 44
63 0 44
32 1 45
33 2 45
34 3 45
35 4 45
36 5 45
37 6 45
38 7 45
39 8 45
40 9 45
41 10 45
42 11 45
43 12 45
44 13 45
45 14 45
46 15 45
47 16 45
48 17 45
49 18 45
50 19 45
51 20 45
52 21 45
53 22 45
54 23 45
55 24 45
56 25 45
57 26 45
58 27 45
59 28 45
60 29 45
61 30 45
62 31 45
63 0 45
32 1 46
33 2 46
34 3 46
35 4 46
36 5 46
37 6 46
38 7 46
39 8 46
40 9 46
41 10 46
42 11 46
43 12 46
44 13 46
45 14 46
46 15 46
47 16 46
48 17 46
49 18 46
50 19 46
51 20 46
52 21 46
53 22 46
54 23 46
55 24 46
56 25 46
57 26 46
58 27 46
59 28 46
60 29 46
61 30 46
62 31 46
63 0 46
32 1 47
33 2 47
34 3 47
35 4 47
36 5 47
37 6 47
38 7 47
39 8 47
40 9 47
41 10 47
42 11 47
43 12 47
44 13 47
45 14 47
46 15 47
47 16 47
48 17 47
49 18 47
50 19 47
51 20 47
52 21 47
53 22 47
54 23 47
55 24 47
56 25 47
57 26 47
58 27 47
59 28 47
60 29 47
61 30 47
62 31 47
63 0 47
32 1 48
33 2 48
34 3 48
35 4 48
36 5 48
37 6 48
38 7 48
39 8 48
40 9 48
41 10 48
42 11 48
43 12 48
44 13 48
45 14 48
46 15 48
47 16 48
48 17 48
49 18 48
50 19 48
51 20 48
52 21 48
53 22 48
54 23 48
55 24 48
56 25 48
57 26 48
58 27 48
59 28 48
60 29 48
61 30 48
62 31 48
63 0 48
32 1 49
33 2 49
34 3 49
35 4 49
36 5 49
37 6 49
38 7 49
39 8 49
40 9 49
41 10 49
42 11 49
43 12 49
44 13 49
45 14 49
46 15 49
47 16 49
48 17 49
49 18 49
50 19 49
51 20 49
52 21 49
53 22 49
54 23 49
55 24 49
56 25 49
57 26 49
58 27 49
59 28 49
60 29 49
61 30 49
62 31 49
63 0 49
32 1 50
33 2 50
34 3 50
35 4 50
36 5 50
37 6 50
38 7 50
39 8 50
40 9 50
41 10 50
42 11 50
43 12 50
44 13 50
45 14 50
46 15 50
47 16 50
48 17 50
49 18 50
50 19 50
51 20 50
52 21 50
53 22 50
54 23 50
55 24 50
56 25 50
57 26 50
58 27 50
59 28 50
60 29 50
61 30 50
62 31 50
63 0 50
32 1 51
33 2 51
34 3 51
35 4 51
36 5 51
37 6 51
38 7 51
39 8 51
40 9 51
41 10 51
42 11 51
43 12 51
44 13 51
45 14 51
46 15 51
47 16 51
48 17 51
49 18 51
50 19 51
51 20 51
52 21 51
53 22 51
54 23 51
55 24 51
56 25 51
57 26 51
58 27 51
59 28 51
60 29 51
61 30 51
62 31 51
63 0 51
32 1 52
33 2 52
34 3 52
35 4 52
36 5 52
37 6 52
38 7 52
39 8 52
40 9 52
41 10 52
42 11 52
43 12 52
44 13 52
45 14 52
46 15 52
47 16 52
48 17 52
49 18 52
50 19 52
51 20 52
52 21 52
53 22 52
54 23 52
55 24 52
56 25 52
57 26 52
58 27 52
59 28 52
60 29 52
61 30 52
62 31 52
63 0 52
32 1 53
33 2 53
34 3 53
35 4 53
36 5 53
37 6 53
38 7 53
39 8 53
40 9 53
41 10 53
42 11 53
43 12 53
44 13 53
45 14 53
46 15 53
47 16 53
48 17 53
49 18 53
50 19 53
51 20 53
52 21 53
53 22 53
54 23 53
55 24 53
56 25 53
57 26 53
58 27 53
59 28 53
60 29 53
61 30 53
62 31 53
63 0 53
32 1 54
33 2 54
34 3 54
35 4 54
36 5 54
37 6 54
38 7 54
39 8 54
40 9 54
41 10 54
42 11 54
43 12 54
44 13 54
45 14 54
46 15 54
47 16 54
48 17 54
49 18 54
50 19 54
51 20 54
52 21 54
53 22 54
54 23 54
55 24 54
56 25 54
57 26 54
58 27 54
59 28 54
60 29 54
61 30 54
62 31 54
63 0 54
32 1 55
33 2 55
34 3 55
35 4 55
36 5 55
37 6 55
38 7 55
39 8 55
40 9 55
41 10 55
42 11 55
43 12 55
44 13 55
45 14 55
46 15 55
47 16 55
48 17 55
49 18 55
50 19 55
51 20 55
52 21 55
53 22 55
54 23 55
55 24 55
56 25 55
57 26 55
58 27 55
59 28 55
60 29 55
61 30 55
62 31 55
63 0 55
32 1 56
33 2 56
34 3 56
35 4 56
36 5 56
37 6 56
38 7 56
39 8 56
40 9 56
41 10 56
42 11 56
43 12 56
44 13 56
45 14 56
46 15 56
47 16 56
48 17 56
49 18 56
50 19 56
51 20 56
52 21 56
53 22 56
54 23 56
55 24 56
56 25 56
57 26 56
58 27 56
59 28 56
60 29 56
61 30 56
62 31 56
63 0 56
32 1 57
33 2 57
34 3 57
35 4 57
36 5 57
37 6 57
38 7 57
39 8 57
40 9 57
41 10 57
42 11 57
43 12 57
44 13 57
45 14 57
46 15 57
47 16 57
48 17 57
49 18 57
50 19 57
51 20 57
52 21 57
53 22 57
54 23 57
55 24 57
56 25 57
57 26 57
58 27 57
59 28 57
60 29 57
61 30 57
62 31 57
63 0 57
32 1 58
33 2 58
34 3 58
35 4 58
36 5 58
37 6 58
38 7 58
39 8 58
40 9 58
41 10 58
42 11 58
43 12 58
44 13 58
45 14 58
46 15 58
47 16 58
48 17 58
49 18 58
50 19 58
51 20 58
52 21 58
53 22 58
54 23 58
55 24 58
56 25 58
57 26 58
58 27 58
59 28 58
60 29 58
61 30 58
62 31 58
63 0 58
32 1 59
33 2 59
34 3 59
35 4 59
36 5 59
37 6 59
38 7 59
39 8 59
40 9 59
41 10 59
42 11 59
43 12 59
44 13 59
45 14 59
46 15 59
47 16 59
48 17 59
49 18 59
50 19 59
51 20 59
52 21 59
53 22 59
54 23 59
55 24 59
56 25 59
57 26 59
58 27 59
59 28 59
60 29 59
61 30 59
62 31 59
63 0 59
32 1 60
33 2 60
34 3 60
35 4 60
36 5 60
37 6 60
38 7 60
39 8 60
40 9 60
41 10 60
42 11 60
43 12 60
44 13 60
45 14 60
46 15 60
47 16 60
48 17 60
49 18 60
50 19 60
51 20 60
52 21 60
53 22 60
54 23 60
55 24 60
56 25 60
57 26 60
58 27 60
59 28 60
60 29 60
61 30 60
62 31 60
63 0 60
32 1 61
33 2 61
34 3 61
35 4 61
36 5 61
37 6 61
38 7 61
39 8 61
40 9 61
41 10 61
42 11 61
43 12 61
44 13 61
45 14 61
46 15 61
47 16 61
48 17 61
49 18 61
50 19 61
51 20 61
52 21 61
53 22 61
54 23 61
55 24 61
56 25 61
57 26 61
58 27 61
59 28 61
60 29 61
61 30 61
62 31 61
63 0 61
32 1 62
33 2 62
34 3 62
35 4 62
36 5 62
37 6 62
38 7 62
39 8 62
40 9 62
41 10 62
42 11 62
43 12 62
44 13 62
45 14 62
46 15 62
47 16 62
48 17 62
49 18 62
50 19 62
51 20 62
52 21 62
53 22 62
54 23 62
55 24 62
56 25 62
57 26 62
58 27 62
59 28 62
60 29 62
61 30 62
62 31 62
63 0 62
32 1 63
33 2 63
34 3 63
35 4 63
36 5 63
37 6 63
38 7 63
39 8 63
40 9 63
41 10 63
42 11 63
43 12 63
44 13 63
45 14 63
46 15 63
47 16 63
48 17 63
49 18 63
50 19 63
51 20 63
52 21 63
53 22 63
54 23 63
55 24 63
56 25 63
57 26 63
58 27 63
59 28 63
60 29 63
61 30 63
62 31 63
63 0 63
100 32 80
100 33 81
100 34 82
100 35 83
100 36 84
100 37 85
100 38 86
100 39 87
100 40 88
100 41 89
100 42 90
100 43 91
100 44 92
100 45 93
100 46 94
100 47 95
100 48 96
100 49 97
100 50 98
100 51 99
100 52 100
100 53 101
100 54 102
100 55 103
100 56 104
100 57 105
100 58 106
100 59 107
100 60 108
100 61 109
100 62 110
100 63 111
100 64 112
100 65 113
100 66 114
100 67 115
100 68 116
100 69 117
100 70 118
100 71 119
100 72 120
100 73 121
100 74 122
100 75 123
100 76 124
100 77 125
100 78 126
100 79 127
100 80 128
100 81 129
100 82 130
100 83 131
100 84 132
100 85 133
100 86 134
100 87 135
100 88 136
100 89 137
100 90 138
100 91 139
100 92 140
100 93 141
100 94 142
100 95 143
100 32 144
100 33 145
100 34 146
100 35 147
100 36 148
100 37 149
100 38 150
100 39 151
100 40 152
100 41 153
100 42 154
100 43 155
100 44 156
100 45 157
100 46 158
100 47 159
100 48 160
100 49 161
100 50 162
100 51 163
100 52 164
100 53 165
100 54 166
100 55 167
100 56 168
100 57 169
100 58 170
100 59 171
100 60 172
100 61 173
100 62 174
100 63 175
100 64 176
100 65 177
100 66 178
100 67 179
100 68 180
100 69 181
100 70 182
100 71 183
100 72 184
100 73 185
100 74 186
100 75 187
100 76 188
100 77 189
100 78 190
100 79 191
100 80 192
100 81 193
100 82 194
100 83 195
100 84 196
100 85 197
100 86 198
100 87 199
100 88 200
100 89 201
100 90 202
100 91 203
100 92 204
100 93 205
100 94 206
100 95 207
100 32 208
100 33 209
100 34 210
100 35 211
100 36 212
100 37 213
100 38 214
100 39 215
100 40 216
100 41 217
100 42 218
100 43 219
100 44 220
100 45 221
100 46 222
100 47 223
100 48 224
100 49 225
100 50 226
100 51 227
100 52 228
100 53 229
100 54 230
100 55 231
100 56 232
100 57 233
100 58 234
100 59 235
100 60 236
100 61 237
100 62 238
100 63 239
100 64 240
100 65 241
100 66 242
100 67 243
100 68 244
100 69 245
100 70 246
100 71 247
100 72 248
100 73 249
100 74 250
100 75 251
100 76 252
100 77 253
100 78 254
100 79 255
100 80 256
100 81 257
100 82 258
100 83 259
100 84 260
100 85 261
100 86 262
100 87 263
100 88 264
100 89 265
100 90 266
100 91 267
100 92 268
100 93 269
100 94 270
100 95 271
100 32 272
100 33 273
100 34 274
100 35 275
100 36 276
100 37 277
100 38 278
100 39 279
100 40 280
100 41 281
100 42 282
100 43 283
100 44 284
100 45 285
100 46 286
100 47 287
100 48 288
100 49 289
100 50 290
100 51 291
100 52 292
100 53 293
100 54 294
100 55 295
100 56 296
100 57 297
100 58 298
100 59 299
100 60 300
100 61 301
100 62 302
100 63 303
100 64 304
100 65 305
100 66 306
100 67 307
100 68 308
100 69 309
100 70 310
100 71 311
100 72 312
100 73 313
100 74 314
100 75 315
100 76 316
100 77 317
100 78 318
100 79 319
100 80 320
100 81 321
100 82 322
100 83 323
100 84 324
100 85 325
100 86 326
100 87 327
100 88 328
100 89 329
100 90 330
100 91 331
100 92 332
100 93 333
100 94 334
100 95 335
100 32 336
100 33 337
100 34 338
100 35 339
100 36 340
100 37 341
100 38 342
100 39 343
100 40 344
100 41 345
100 42 346
100 43 347
100 44 348
100 45 349
100 46 350
100 47 351
100 48 352
100 49 353
100 50 354
100 51 355
100 52 356
100 53 357
100 54 358
100 55 359
100 56 360
100 57 361
100 58 362
100 59 363
100 60 364
100 61 365
100 62 366
100 63 367
100 64 368
100 65 369
100 66 370
100 67 371
100 68 372
100 69 373
100 70 374
100 71 375
100 72 376
100 73 377
100 74 378
100 75 379
100 76 380
100 77 381
100 78 382
100 79 383
100 80 384
100 81 385
100 82 386
100 83 387
100 84 388
100 85 389
100 86 390
100 87 391
100 88 392
100 89 393
100 90 394
100 91 395
100 92 396
100 93 397
100 94 398
100 95 399
100 32 400
100 33 401
100 34 402
100 35 403
100 36 404
100 37 405
100 38 406
100 39 407
100 40 408
100 41 409
100 42 410
100 43 411
100 44 412
100 45 413
100 46 414
100 47 415
100 48 416
100 49 417
100 50 418
100 51 419
100 52 420
100 53 421
100 54 422
100 55 423
100 56 424
100 57 425
100 58 426
100 59 427
100 60 428
100 61 429
100 62 430
100 63 431
100 64 432
100 65 433
100 66 434
100 67 435
100 68 436
100 69 437
100 70 438
100 71 439
100 72 440
100 73 441
100 74 442
100 75 443
100 76 444
100 77 445
100 78 446
100 79 447
100 80 448
100 81 449
100 82 450
100 83 451
100 84 452
100 85 453
100 86 454
100 87 455
100 88 456
100 89 457
100 90 458
100 91 459
100 92 460
100 93 461
100 94 462
100 95 463
100 32 464
100 33 465
100 34 466
100 35 467
100 36 468
100 37 469
100 38 470
100 39 471
100 40 472
100 41 473
100 42 474
100 43 475
100 44 476
100 45 477
100 46 478
100 47 479
100 48 480
100 49 481
100 50 482
100 51 483
100 52 484
100 53 485
100 54 486
100 55 487
100 56 488
100 57 489
100 58 490
100 59 491
100 60 492
100 61 493
100 62 494
100 63 495
100 64 496
100 65 497
100 66 498
100 67 499
100 68 500
100 69 501
100 70 502
100 71 503
100 72 504
100 73 505
100 74 506
100 75 507
100 76 508
100 77 509
100 78 510
100 79 511
100 80 512
100 81 513
100 82 514
100 83 515
100 84 516
100 85 517
100 86 518
100 87 519
100 88 520
100 89 521
100 90 522
100 91 523
100 92 524
100 93 525
100 94 526
100 95 527
100 32 528
100 33 529
100 34 530
100 35 531
100 36 532
100 37 533
100 38 534
100 39 535
100 40 536
100 41 537
100 42 538
100 43 539
100 44 540
100 45 541
100 46 542
100 47 543
100 48 544
100 49 545
100 50 546
100 51 547
100 52 548
100 53 549
100 54 550
100 55 551
100 56 552
100 57 553
100 58 554
100 59 555
100 60 556
100 61 557
100 62 558
100 63 559
100 64 560
100 65 561
100 66 562
100 67 563
100 68 564
100 69 565
100 70 566
100 71 567
100 72 568
100 73 569
100 74 570
100 75 571
100 76 572
100 77 573
100 78 574
100 79 575
100 80 576
100 81 577
100 82 578
100 83 579
100 84 580
100 85 581
100 86 582
100 87 583
100 88 584
100 89 585
100 90 586
100 91 587
100 92 588
100 93 589
100 94 590
100 95 591
100 32 592
100 33 593
100 34 594
100 35 595
100 36 596
100 37 597
100 38 598
100 39 599
100 40 600
100 41 601
100 42 602
100 43 603
100 44 604
100 45 605
100 46 606
100 47 607
100 48 608
100 49 609
100 50 610
100 51 611
100 52 612
100 53 613
100 54 614
100 55 615
100 56 616
100 57 617
100 58 618
100 59 619
100 60 620
100 61 621
100 62 622
100 63 623
100 64 624
100 65 625
100 66 626
100 67 627
100 68 628
100 69 629
100 70 630
100 71 631
100 72 632
100 73 633
100 74 634
100 75 635
100 76 636
100 77 637
100 78 638
100 79 639
100 80 640
100 81 641
100 82 642
100 83 643
100 84 644
100 85 645
100 86 646
100 87 647
100 88 648
100 89 649
100 90 650
100 91 651
100 92 652
100 93 653
100 94 654
100 95 655
100 32 656
100 33 657
100 34 658
100 35 659
100 36 660
100 37 661
100 38 662
100 39 663
100 40 664
100 41 665
100 42 666
100 43 667
100 44 668
100 45 669
100 46 670
100 47 671
100 48 672
100 49 673
100 50 674
100 51 675
100 52 676
100 53 677
100 54 678
100 55 679
100 56 680
100 57 681
100 58 682
100 59 683
100 60 684
100 61 685
100 62 686
100 63 687
100 64 688
100 65 689
100 66 690
100 67 691
100 68 692
100 69 693
100 70 694
100 71 695
100 72 696
100 73 697
100 74 698
100 75 699
100 76 700
100 77 701
100 78 702
100 79 703
100 80 704
100 81 705
100 82 706
100 83 707
100 84 708
100 85 709
100 86 710
100 87 711
100 88 712
100 89 713
100 90 714
100 91 715
100 92 716
100 93 717
100 94 718
100 95 719
100 32 720
100 33 721
100 34 722
100 35 723
100 36 724
100 37 725
100 38 726
100 39 727
100 40 728
100 41 729
100 42 730
100 43 731
100 44 732
100 45 733
100 46 734
100 47 735
100 48 736
100 49 737
100 50 738
100 51 739
100 52 740
100 53 741
100 54 742
100 55 743
100 56 744
100 57 745
100 58 746
100 59 747
100 60 748
100 61 749
100 62 750
100 63 751
100 64 752
100 65 753
100 66 754
100 67 755
100 68 756
100 69 757
100 70 758
100 71 759
100 72 760
100 73 761
100 74 762
100 75 763
100 76 764
100 77 765
100 78 766
100 79 767
100 80 768
100 81 769
100 82 770
100 83 771
100 84 772
100 85 773
100 86 774
100 87 775
100 88 776
100 89 777
100 90 778
100 91 779
100 92 780
100 93 781
100 94 782
100 95 783
100 32 784
100 33 785
100 34 786
100 35 787
100 36 788
100 37 789
100 38 790
100 39 791
100 40 792
100 41 793
100 42 794
100 43 795
100 44 796
100 45 797
100 46 798
100 47 799
100 48 800
100 49 801
100 50 802
100 51 803
100 52 804
100 53 805
100 54 806
100 55 807
100 56 808
100 57 809
100 58 810
100 59 811
100 60 812
100 61 813
100 62 814
100 63 815
100 64 816
100 65 817
100 66 818
100 67 819
100 68 820
100 69 821
100 70 822
100 71 823
100 72 824
100 73 825
100 74 826
100 75 827
100 76 828
100 77 829
100 78 830
100 79 831
100 80 832
100 81 833
100 82 834
100 83 835
100 84 836
100 85 837
100 86 838
100 87 839
100 88 840
100 89 841
100 90 842
100 91 843
100 92 844
100 93 845
100 94 846
100 95 847
100 32 848
100 33 849
100 34 850
100 35 851
100 36 852
100 37 853
100 38 854
100 39 855
100 40 856
100 41 857
100 42 858
100 43 859
100 44 860
100 45 861
100 46 862
100 47 863
100 48 864
100 49 865
100 50 866
100 51 867
100 52 868
100 53 869
100 54 870
100 55 871
100 56 872
100 57 873
100 58 874
100 59 875
100 60 876
100 61 877
100 62 878
100 63 879
100 64 880
100 65 881
100 66 882
100 67 883
100 68 884
100 69 885
100 70 886
100 71 887
100 72 888
100 73 889
100 74 890
100 75 891
100 76 892
100 77 893
100 78 894
100 79 895
100 80 896
100 81 897
100 82 898
100 83 899
100 84 900
100 85 901
100 86 902
100 87 903
100 88 904
100 89 905
100 90 906
100 91 907
100 92 908
100 93 909
100 94 910
100 95 911
100 32 912
100 33 913
100 34 914
100 35 915
100 36 916
100 37 917
100 38 918
100 39 919
100 40 920
100 41 921
100 42 922
100 43 923
100 44 924
100 45 925
100 46 926
100 47 927
100 48 928
100 49 929
100 50 930
100 51 931
100 52 932
100 53 933
100 54 934
100 55 935
100 56 936
100 57 937
100 58 938
100 59 939
100 60 940
100 61 941
100 62 942
100 63 943
100 64 944
100 65 945
100 66 946
100 67 947
100 68 948
100 69 949
100 70 950
100 71 951
100 72 952
100 73 953
100 74 954
100 75 955
100 76 956
100 77 957
100 78 958
100 79 959
100 80 960
100 81 961
100 82 962
100 83 963
100 84 964
100 85 965
100 86 966
100 87 967
100 88 968
100 89 969
100 90 970
100 91 971
100 92 972
100 93 973
100 94 974
100 95 975
100 32 976
100 33 977
100 34 978
100 35 979
100 36 980
100 37 981
100 38 982
100 39 983
100 40 984
100 41 985
100 42 986
100 43 987
100 44 988
100 45 989
100 46 990
100 47 991
100 48 992
100 49 993
100 50 994
100 51 995
100 52 996
100 53 997
100 54 998
100 55 999
100 56 1000
100 57 1001
100 58 1002
100 59 1003
100 60 1004
100 61 1005
100 62 1006
100 63 1007
100 64 1008
100 65 1009
100 66 1010
100 67 1011
100 68 1012
100 69 1013
100 70 1014
100 71 1015
100 72 1016
100 73 1017
100 74 1018
100 75 1019
100 76 1020
100 77 1021
100 78 1022
100 79 1023
100 80 1024
100 81 1025
100 82 1026
100 83 1027
100 84 1028
100 85 1029
100 86 1030
100 87 1031
100 88 1032
100 89 1033
100 90 1034
100 91 1035
100 92 1036
100 93 1037
100 94 1038
100 95 1039
100 32 1040
100 33 1041
100 34 1042
100 35 1043
100 36 1044
100 37 1045
100 38 1046
100 39 1047
100 40 1048
100 41 1049
100 42 1050
100 43 1051
100 44 1052
100 45 1053
100 46 1054
100 47 1055
100 48 1056
100 49 1057
100 50 1058
100 51 1059
100 52 1060
100 53 1061
100 54 1062
100 55 1063
100 56 1064
100 57 1065
100 58 1066
100 59 1067
100 60 1068
100 61 1069
100 62 1070
100 63 1071
100 64 1072
100 65 1073
100 66 1074
100 67 1075
100 68 1076
100 69 1077
100 70 1078
100 71 1079
100 72 1080
100 73 1081
100 74 1082
100 75 1083
100 76 1084
100 77 1085
100 78 1086
100 79 1087
100 80 1088
100 81 1089
100 82 1090
100 83 1091
100 84 1092
100 85 1093
100 86 1094
100 87 1095
100 88 1096
100 89 1097
100 90 1098
100 91 1099
100 92 1100
100 93 1101
100 94 1102
100 95 1103
100 32 1104
100 33 1105
100 34 1106
100 35 1107
100 36 1108
100 37 1109
100 38 1110
100 39 1111
100 40 1112
100 41 1113
100 42 1114
100 43 1115
100 44 1116
100 45 1117
100 46 1118
100 47 1119
100 48 1120
100 49 1121
100 50 1122
100 51 1123
100 52 1124
100 53 1125
100 54 1126
100 55 1127
100 56 1128
100 57 1129
100 58 1130
100 59 1131
100 60 1132
100 61 1133
100 62 1134
100 63 1135
100 64 1136
100 65 1137
100 66 1138
100 67 1139
100 68 1140
100 69 1141
100 70 1142
100 71 1143
100 72 1144
100 73 1145
100 74 1146
100 75 1147
100 76 1148
100 77 1149
100 78 1150
100 79 1151
100 80 1152
100 81 1153
100 82 1154
100 83 1155
100 84 1156
100 85 1157
100 86 1158
100 87 1159
100 88 1160
100 89 1161
100 90 1162
100 91 1163
100 92 1164
100 93 1165
100 94 1166
100 95 1167
100 32 1168
100 33 1169
100 34 1170
100 35 1171
100 36 1172
100 37 1173
100 38 1174
100 39 1175
100 40 1176
100 41 1177
100 42 1178
100 43 1179
100 44 1180
100 45 1181
100 46 1182
100 47 1183
100 48 1184
100 49 1185
100 50 1186
100 51 1187
100 52 1188
100 53 1189
100 54 1190
100 55 1191
100 56 1192
100 57 1193
100 58 1194
100 59 1195
100 60 1196
100 61 1197
100 62 1198
100 63 1199
100 64 1200
100 65 1201
100 66 1202
100 67 1203
100 68 1204
100 69 1205
100 70 1206
100 71 1207
100 72 1208
100 73 1209
100 74 1210
100 75 1211
100 76 1212
100 77 1213
100 78 1214
100 79 1215
100 80 1216
100 81 1217
100 82 1218
100 83 1219
100 84 1220
100 85 1221
100 86 1222
100 87 1223
100 88 1224
100 89 1225
100 90 1226
100 91 1227
100 92 1228
100 93 1229
100 94 1230
100 95 1231
100 32 1232
100 33 1233
100 34 1234
100 35 1235
100 36 1236
100 37 1237
100 38 1238
100 39 1239
100 40 1240
100 41 1241
100 42 1242
100 43 1243
100 44 1244
100 45 1245
100 46 1246
100 47 1247
100 48 1248
100 49 1249
100 50 1250
100 51 1251
100 52 1252
100 53 1253
100 54 1254
100 55 1255
100 56 1256
100 57 1257
100 58 1258
100 59 1259
100 60 1260
100 61 1261
100 62 1262
100 63 1263
100 64 1264
100 65 1265
100 66 1266
100 67 1267
100 68 1268
100 69 1269
100 70 1270
100 71 1271
100 72 1272
100 73 1273
100 74 1274
100 75 1275
100 76 1276
100 77 1277
100 78 1278
100 79 1279
100 80 1280
100 81 1281
100 82 1282
100 83 1283
100 84 1284
100 85 1285
100 86 1286
100 87 1287
100 88 1288
100 89 1289
100 90 1290
100 91 1291
100 92 1292
100 93 1293
100 94 1294
100 95 1295
100 32 1296
100 33 1297
100 34 1298
100 35 1299
100 36 1300
100 37 1301
100 38 1302
100 39 1303
100 40 1304
100 41 1305
100 42 1306
100 43 1307
100 44 1308
100 45 1309
100 46 1310
100 47 1311
100 48 1312
100 49 1313
100 50 1314
100 51 1315
100 52 1316
100 53 1317
100 54 1318
100 55 1319
100 56 1320
100 57 1321
100 58 1322
100 59 1323
100 60 1324
100 61 1325
100 62 1326
100 63 1327
100 64 1328
100 65 1329
100 66 1330
100 67 1331
100 68 1332
100 69 1333
100 70 1334
100 71 1335
100 72 1336
100 73 1337
100 74 1338
100 75 1339
100 76 1340
100 77 1341
100 78 1342
100 79 1343
100 80 1344
100 81 1345
100 82 1346
100 83 1347
100 84 1348
100 85 1349
100 86 1350
100 87 1351
100 88 1352
100 89 1353
100 90 1354
100 91 1355
100 92 1356
100 93 1357
100 94 1358
100 95 1359
100 32 1360
100 33 1361
100 34 1362
100 35 1363
100 36 1364
100 37 1365
100 38 1366
100 39 1367
100 40 1368
100 41 1369
100 42 1370
100 43 1371
100 44 1372
100 45 1373
100 46 1374
100 47 1375
100 48 1376
100 49 1377
100 50 1378
100 51 1379
100 52 1380
100 53 1381
100 54 1382
100 55 1383
100 56 1384
100 57 1385
100 58 1386
100 59 1387
100 60 1388
100 61 1389
100 62 1390
100 63 1391
100 64 1392
100 65 1393
100 66 1394
100 67 1395
100 68 1396
100 69 1397
100 70 1398
100 71 1399
100 72 1400
100 73 1401
100 74 1402
100 75 1403
100 76 1404
100 77 1405
100 78 1406
100 79 1407
100 80 1408
100 81 1409
100 82 1410
100 83 1411
100 84 1412
100 85 1413
100 86 1414
100 87 1415
100 88 1416
100 89 1417
100 90 1418
100 91 1419
100 92 1420
100 93 1421
100 94 1422
100 95 1423
100 32 1424
100 33 1425
100 34 1426
100 35 1427
100 36 1428
100 37 1429
100 38 1430
100 39 1431
100 40 1432
100 41 1433
100 42 1434
100 43 1435
100 44 1436
100 45 1437
100 46 1438
100 47 1439
100 48 1440
100 49 1441
100 50 1442
100 51 1443
100 52 1444
100 53 1445
100 54 1446
100 55 1447
100 56 1448
100 57 1449
100 58 1450
100 59 1451
100 60 1452
100 61 1453
100 62 1454
100 63 1455
100 64 1456
100 65 1457
100 66 1458
100 67 1459
100 68 1460
100 69 1461
100 70 1462
100 71 1463
100 72 1464
100 73 1465
100 74 1466
100 75 1467
100 76 1468
100 77 1469
100 78 1470
100 79 1471
100 80 1472
100 81 1473
100 82 1474
100 83 1475
100 84 1476
100 85 1477
100 86 1478
100 87 1479
100 88 1480
100 89 1481
100 90 1482
100 91 1483
100 92 1484
100 93 1485
100 94 1486
100 95 1487
100 32 1488
100 33 1489
100 34 1490
100 35 1491
100 36 1492
100 37 1493
100 38 1494
100 39 1495
100 40 1496
100 41 1497
100 42 1498
100 43 1499
100 44 1500
100 45 1501
100 46 1502
100 47 1503
100 48 1504
100 49 1505
100 50 1506
100 51 1507
100 52 1508
100 53 1509
100 54 1510
100 55 1511
100 56 1512
100 57 1513
100 58 1514
100 59 1515
100 60 1516
100 61 1517
100 62 1518
100 63 1519
100 64 1520
100 65 1521
100 66 1522
100 67 1523
100 68 1524
100 69 1525
100 70 1526
100 71 1527
100 72 1528
100 73 1529
100 74 1530
100 75 1531
100 76 1532
100 77 1533
100 78 1534
100 79 1535
100 80 1536
100 81 1537
100 82 1538
100 83 1539
100 84 1540
100 85 1541
100 86 1542
100 87 1543
100 88 1544
100 89 1545
100 90 1546
100 91 1547
100 92 1548
100 93 1549
100 94 1550
100 95 1551
100 32 1552
100 33 1553
100 34 1554
100 35 1555
100 36 1556
100 37 1557
100 38 1558
100 39 1559
100 40 1560
100 41 1561
100 42 1562
100 43 1563
100 44 1564
100 45 1565
100 46 1566
100 47 1567
100 48 1568
100 49 1569
100 50 1570
100 51 1571
100 52 1572
100 53 1573
100 54 1574
100 55 1575
100 56 1576
100 57 1577
100 58 1578
100 59 1579
100 60 1580
100 61 1581
100 62 1582
100 63 1583
100 64 1584
100 65 1585
100 66 1586
100 67 1587
100 68 1588
100 69 1589
100 70 1590
100 71 1591
100 72 1592
100 73 1593
100 74 1594
100 75 1595
100 76 1596
100 77 1597
100 78 1598
100 79 1599
100 80 1600
100 81 1601
100 82 1602
100 83 1603
100 84 1604
100 85 1605
100 86 1606
100 87 1607
100 88 1608
100 89 1609
100 90 1610
100 91 1611
100 92 1612
100 93 1613
100 94 1614
100 95 1615
100 32 1616
100 33 1617
100 34 1618
100 35 1619
100 36 1620
100 37 1621
100 38 1622
100 39 1623
100 40 1624
100 41 1625
100 42 1626
100 43 1627
100 44 1628
100 45 1629
100 46 1630
100 47 1631
100 48 1632
100 49 1633
100 50 1634
100 51 1635
100 52 1636
100 53 1637
100 54 1638
100 55 1639
100 56 1640
100 57 1641
100 58 1642
100 59 1643
100 60 1644
100 61 1645
100 62 1646
100 63 1647
100 64 1648
100 65 1649
100 66 1650
100 67 1651
100 68 1652
100 69 1653
100 70 1654
100 71 1655
100 72 1656
100 73 1657
100 74 1658
100 75 1659
100 76 1660
100 77 1661
100 78 1662
100 79 1663
100 80 1664
100 81 1665
100 82 1666
100 83 1667
100 84 1668
100 85 1669
100 86 1670
100 87 1671
100 88 1672
100 89 1673
100 90 1674
100 91 1675
100 92 1676
100 93 1677
100 94 1678
100 95 1679
100 32 1680
100 33 1681
100 34 1682
100 35 1683
100 36 1684
100 37 1685
100 38 1686
100 39 1687
100 40 1688
100 41 1689
100 42 1690
100 43 1691
100 44 1692
100 45 1693
100 46 1694
100 47 1695
100 48 1696
100 49 1697
100 50 1698
100 51 1699
100 52 1700
100 53 1701
100 54 1702
100 55 1703
100 56 1704
100 57 1705
100 58 1706
100 59 1707
100 60 1708
100 61 1709
100 62 1710
100 63 1711
100 64 1712
100 65 1713
100 66 1714
100 67 1715
100 68 1716
100 69 1717
100 70 1718
100 71 1719
100 72 1720
100 73 1721
100 74 1722
100 75 1723
100 76 1724
100 77 1725
100 78 1726
100 79 1727
100 80 1728
100 81 1729
100 82 1730
100 83 1731
100 84 1732
100 85 1733
100 86 1734
100 87 1735
100 88 1736
100 89 1737
100 90 1738
100 91 1739
100 92 1740
100 93 1741
100 94 1742
100 95 1743
100 32 1744
100 33 1745
100 34 1746
100 35 1747
100 36 1748
100 37 1749
100 38 1750
100 39 1751
100 40 1752
100 41 1753
100 42 1754
100 43 1755
100 44 1756
100 45 1757
100 46 1758
100 47 1759
100 48 1760
100 49 1761
100 50 1762
100 51 1763
100 52 1764
100 53 1765
100 54 1766
100 55 1767
100 56 1768
100 57 1769
100 58 1770
100 59 1771
100 60 1772
100 61 1773
100 62 1774
100 63 1775
100 64 1776
100 65 1777
100 66 1778
100 67 1779
100 68 1780
100 69 1781
100 70 1782
100 71 1783
100 72 1784
100 73 1785
100 74 1786
100 75 1787
100 76 1788
100 77 1789
100 78 1790
100 79 1791
100 80 1792
100 81 1793
100 82 1794
100 83 1795
100 84 1796
100 85 1797
100 86 1798
100 87 1799
100 88 1800
100 89 1801
100 90 1802
100 91 1803
100 92 1804
100 93 1805
100 94 1806
100 95 1807
100 32 1808
100 33 1809
100 34 1810
100 35 1811
100 36 1812
100 37 1813
100 38 1814
100 39 1815
100 40 1816
100 41 1817
100 42 1818
100 43 1819
100 44 1820
100 45 1821
100 46 1822
100 47 1823
100 48 1824
100 49 1825
100 50 1826
100 51 1827
100 52 1828
100 53 1829
100 54 1830
100 55 1831
100 56 1832
100 57 1833
100 58 1834
100 59 1835
100 60 1836
100 61 1837
100 62 1838
100 63 1839
100 64 1840
100 65 1841
100 66 1842
100 67 1843
100 68 1844
100 69 1845
100 70 1846
100 71 1847
100 72 1848
100 73 1849
100 74 1850
100 75 1851
100 76 1852
100 77 1853
100 78 1854
100 79 1855
100 80 1856
100 81 1857
100 82 1858
100 83 1859
100 84 1860
100 85 1861
100 86 1862
100 87 1863
100 88 1864
100 89 1865
100 90 1866
100 91 1867
100 92 1868
100 93 1869
100 94 1870
100 95 1871
100 32 1872
100 33 1873
100 34 1874
100 35 1875
100 36 1876
100 37 1877
100 38 1878
100 39 1879
100 40 1880
100 41 1881
100 42 1882
100 43 1883
100 44 1884
100 45 1885
100 46 1886
100 47 1887
100 48 1888
100 49 1889
100 50 1890
100 51 1891
100 52 1892
100 53 1893
100 54 1894
100 55 1895
100 56 1896
100 57 1897
100 58 1898
100 59 1899
100 60 1900
100 61 1901
100 62 1902
100 63 1903
100 64 1904
100 65 1905
100 66 1906
100 67 1907
100 68 1908
100 69 1909
100 70 1910
100 71 1911
100 72 1912
100 73 1913
100 74 1914
100 75 1915
100 76 1916
100 77 1917
100 78 1918
100 79 1919
100 80 1920
100 81 1921
100 82 1922
100 83 1923
100 84 1924
100 85 1925
100 86 1926
100 87 1927
100 88 1928
100 89 1929
100 90 1930
100 91 1931
100 92 1932
100 93 1933
100 94 1934
100 95 1935
100 32 1936
100 33 1937
100 34 1938
100 35 1939
100 36 1940
100 37 1941
100 38 1942
100 39 1943
100 40 1944
100 41 1945
100 42 1946
100 43 1947
100 44 1948
100 45 1949
100 46 1950
100 47 1951
100 48 1952
100 49 1953
100 50 1954
100 51 1955
100 52 1956
100 53 1957
100 54 1958
100 55 1959
100 56 1960
100 57 1961
100 58 1962
100 59 1963
100 60 1964
100 61 1965
100 62 1966
100 63 1967
100 64 1968
100 65 1969
100 66 1970
100 67 1971
100 68 1972
100 69 1973
100 70 1974
100 71 1975
100 72 1976
100 73 1977
100 74 1978
100 75 1979
100 76 1980
100 77 1981
100 78 1982
100 79 1983
100 80 1984
100 81 1985
100 82 1986
100 83 1987
100 84 1988
100 85 1989
100 86 1990
100 87 1991
100 88 1992
100 89 1993
100 90 1994
100 91 1995
100 92 1996
100 93 1997
100 94 1998
100 95 1999
100 32 2000
100 33 2001
100 34 2002
100 35 2003
100 36 2004
100 37 2005
100 38 2006
100 39 2007
100 40 2008
100 41 2009
100 42 2010
100 43 2011
100 44 2012
100 45 2013
100 46 2014
100 47 2015
100 48 2016
100 49 2017
100 50 2018
100 51 2019
100 52 2020
100 53 2021
100 54 2022
100 55 2023
100 56 2024
100 57 2025
100 58 2026
100 59 2027
100 60 2028
100 61 2029
100 62 2030
100 63 2031
100 64 2032
100 65 2033
100 66 2034
100 67 2035
100 68 2036
100 69 2037
100 70 2038
100 71 2039
100 72 2040
100 73 2041
100 74 2042
100 75 2043
100 76 2044
100 77 2045
100 78 2046
100 79 2047
100 80 2048
100 81 2049
100 82 2050
100 83 2051
100 84 2052
100 85 2053
100 86 2054
100 87 2055
100 88 2056
100 89 2057
100 90 2058
100 91 2059
100 92 2060
100 93 2061
100 94 2062
100 95 2063
100 32 2064
100 33 2065
100 34 2066
100 35 2067
100 36 2068
100 37 2069
100 38 2070
100 39 2071
100 40 2072
100 41 2073
100 42 2074
100 43 2075
100 44 2076
100 45 2077
100 46 2078
100 47 2079
100 48 2080
100 49 2081
100 50 2082
100 51 2083
100 52 2084
100 53 2085
100 54 2086
100 55 2087
100 56 2088
100 57 2089
100 58 2090
100 59 2091
100 60 2092
100 61 2093
100 62 2094
100 63 2095
100 64 2096
100 65 2097
100 66 2098
100 67 2099
100 68 2100
100 69 2101
100 70 2102
100 71 2103
100 72 2104
100 73 2105
100 74 2106
100 75 2107
100 76 2108
100 77 2109
100 78 2110
100 79 2111
100 80 2112
100 81 2113
100 82 2114
100 83 2115
100 84 2116
100 85 2117
100 86 2118
100 87 2119
100 88 2120
100 89 2121
100 90 2122
100 91 2123
100 92 2124
100 93 2125
100 94 2126
100 95 2127
s