0 1 0
1 2 0
2 3 0
3 4 0
4 5 0
5 6 0
6 7 0
7 8 0
8 9 0
9 10 0
10 11 0
11 12 0
12 13 0
13 14 0
14 15 0
15 0 0
0 1 1
1 2 1
2 3 1
3 4 1
4 5 1
5 6 1
6 7 1
7 8 1
8 9 1
9 10 1
10 11 1
11 12 1
12 13 1
13 14 1
14 15 1
15 0 1
0 1 2
1 2 2
2 3 2
3 4 2
4 5 2
5 6 2
6 7 2
7 8 2
8 9 2
9 10 2
10 11 2
11 12 2
12 13 2
13 14 2
14 15 2
15 0 2
0 1 3
1 2 3
2 3 3
3 4 3
4 5 3
5 6 3
6 7 3
7 8 3
8 9 3
9 10 3
10 11 3
11 12 3
12 13 3
13 14 3
14 15 3
15 0 3
0 1 4
1 2 4
2 3 4
3 4 4
4 5 4
5 6 4
6 7 4
7 8 4
8 9 4
9 10 4
10 11 4
11 12 4
12 13 4
13 14 4
14 15 4
15 0 4
0 1 5
1 2 5
2 3 5
3 4 5
4 5 5
5 6 5
6 7 5
7 8 5
8 9 5
9 10 5
10 11 5
11 12 5
12 13 5
13 14 5
14 15 5
15 0 5
0 1 6
1 2 6
2 3 6
3 4 6
4 5 6
5 6 6
6 7 6
7 8 6
8 9 6
9 10 6
10 11 6
11 12 6
12 13 6
13 14 6
14 15 6
15 0 6
0 1 7
1 2 7
2 3 7
3 4 7
4 5 7
5 6 7
6 7 7
7 8 7
8 9 7
9 10 7
10 11 7
11 12 7
12 13 7
13 14 7
14 15 7
15 0 7
16 17 8
17 18 8
18 19 8
19 20 8
20 21 8
21 22 8
22 23 8
23 24 8
24 25 8
25 26 8
26 27 8
27 28 8
28 29 8
29 30 8
30 31 8
31 0 8
16 17 9
17 18 9
18 19 9
19 20 9
20 21 9
21 22 9
22 23 9
23 24 9
24 25 9
25 26 9
26 27 9
27 28 9
28 29 9
29 30 9
30 31 9
31 0 9
16 17 10
17 18 10
18 19 10
19 20 10
20 21 10
21 22 10
22 23 10
23 24 10
24 25 10
25 26 10
26 27 10
27 28 10
28 29 10
29 30 10
30 31 10
31 0 10
16 17 11
17 18 11
18 19 11
19 20 11
20 21 11
21 22 11
22 23 11
23 24 11
24 25 11
25 26 11
26 27 11
27 28 11
28 29 11
29 30 11
30 31 11
31 0 11
16 17 12
17 18 12
18 19 12
19 20 12
20 21 12
21 22 12
22 23 12
23 24 12
24 25 12
25 26 12
26 27 12
27 28 12
28 29 12
29 30 12
30 31 12
31 0 12
16 17 13
17 18 13
18 19 13
19 20 13
20 21 13
21 22 13
22 23 13
23 24 13
24 25 13
25 26 13
26 27 13
27 28 13
28 29 13
29 30 13
30 31 13
31 0 13
16 17 14
17 18 14
18 19 14
19 20 14
20 21 14
21 22 14
22 23 14
23 24 14
24 25 14
25 26 14
26 27 14
27 28 14
28 29 14
29 30 14
30 31 14
31 0 14
16 17 15
17 18 15
18 19 15
19 20 15
20 21 15
21 22 15
22 23 15
23 24 15
24 25 15
25 26 15
26 27 15
27 28 15
28 29 15
29 30 15
30 31 15
31 0 15
32 33 16
33 34 16
34 35 16
35 36 16
36 37 16
37 38 16
38 39 16
39 40 16
40 41 16
41 42 16
42 43 16
43 44 16
44 45 16
45 46 16
46 47 16
47 0 16
32 33 17
33 34 17
34 35 17
35 36 17
36 37 17
37 38 17
38 39 17
39 40 17
40 41 17
41 42 17
42 43 17
43 44 17
44 45 17
45 46 17
46 47 17
47 0 17
32 33 18
33 34 18
34 35 18
35 36 18
36 37 18
37 38 18
38 39 18
39 40 18
40 41 18
41 42 18
42 43 18
43 44 18
44 45 18
45 46 18
46 47 18
47 0 18
32 33 19
33 34 19
34 35 19
35 36 19
36 37 19
37 38 19
38 39 19
39 40 19
40 41 19
41 42 19
42 43 19
43 44 19
44 45 19
45 46 19
46 47 19
47 0 19
32 33 20
33 34 20
34 35 20
35 36 20
36 37 20
37 38 20
38 39 20
39 40 20
40 41 20
41 42 20
42 43 20
43 44 20
44 45 20
45 46 20
46 47 20
47 0 20
32 33 21
33 34 21
34 35 21
35 36 21
36 37 21
37 38 21
38 39 21
39 40 21
40 41 21
41 42 21
42 43 21
43 44 21
44 45 21
45 46 21
46 47 21
47 0 21
32 33 22
33 34 22
34 35 22
35 36 22
36 37 22
37 38 22
38 39 22
39 40 22
40 41 22
41 42 22
42 43 22
43 44 22
44 45 22
45 46 22
46 47 22
47 0 22
32 33 23
33 34 23
34 35 23
35 36 23
36 37 23
37 38 23
38 39 23
39 40 23
40 41 23
41 42 23
42 43 23
43 44 23
44 45 23
45 46 23
46 47 23
47 0 23
