0.970315
0.222222
0.138889
2
1.375
1.14
0.194444
0.100917
0.180556
0.222222
0
0.109813
0.180556
1.375
0
0.180556
0
1.25
0.180556
0.100917
0.111111
0
0.180556
0.08
2
0.49505
0.180556
0.244932
0
0.180556
0.0238095
0.180556
0
1
0.522867
0.180556
0
2
0.180556
0.656263
1.5625
1.16667
0.180556
0
1.375
0.180556
0.0733945
0
1.25
0.180556
0.0313112
0.180556
2
2
1.3125
0.1
0.152778
1.20833
5.555
2.1875
0.0733945
4.33333
1.4375
1.20677
4.15278
3.33333
0.333333
2
0.180556
0
0.875
0.180556
0.146789
2
0.875
0.180556
1.25
0
0.180556
0.026699
0.222222
0.180556
0.146789
0.180556
0.0162162
1.5625
1.3125
0.201389
0.180556
0.265625
0.222222
2.80793
1.25
1.02626
0.180556
0.146789
2.76389
0.0642202
0.180556
0.222222
0
1
0.180556
0.146789
0.180556
0.163636
0
1.25
0.180556
1.375
2
0.0688073
0.180556
0.492188
0.146789
0
0.180556
0.0550459
0.930556
0
0.431818
1
0.180556
1
0
0.180556
2
1.25
1.375
0
1.375
0.180556
0
0.100917
0.180556
1.25
0.0321543
2
1.375
0.180556
0.0917431
0.180556
0.0642202
0.180556
0.142202
0.291667
0.180556
0
0.462121
1.625
0.0265152
0.708333
0.230769
2.375
0.180556
1.375
2.5
0
3.22222
1.64706
3.23611
0.0578035
1.375
0.180556
0.0366972
0.180556
0.0642202
0
0
2
2
0.100917
0
0.2
0.00330033
0
0
0.052381
0.333333
0.222222
0.0909091
0.100917
0
0
0
0
0.1
0.282895
0.375
0.875
0.0248963
1.125
2
0.0194175
0
0.263889
0.085
0
4.95732
1.36029
1.4375
0.541667
1.29167
0.146789
1.58333
2
2
2
0
0
0
0.5
0.0191781
0
2
0.222222
1.375
0.19802
0
0
0
5.03465
0
1.625
3.00515
3.53906
0
0
0.165017
0
0.660734
0.325815
0.312769
0.279687
0.206376
1.16562
1.53966
0.450512
4.35462
1.3151
0.105705
0
4.6887
0.294664
0
0.416667
0.141443
0.922315
1
0.50165
0.00495049
0
4.1125
0
2.79688
0
3.16667
0
0.604478
5.17873
0
